[fbcost1]
run=1187485 reps=50 top=1024
himem=C800000
connected to 192.0.2.10:2323
test size calls gotdata bytes cs refused wouldblock
A    1    50    50      50     17   0       0
A    2    50    50      100    17   0       0
A    4    50    50      200    17   0       0
A    8    50    32      250    18   0       18
A    16   50    0       0      16   0       50
A    32   50    25      800    22   0       25
A    64   50    25      1548   25   0       25
A    128  50    2       256    18   0       48
A    256  50    0       0      16   0       50
A    512  50    0       0      17   0       50
A    1024 50    0       0      16   0       50
B    8    50    35      280    0    0       15
B    64   50    5       320    0    0       45
B    1024 50    0       0      0    0       50
C    1024 50    0       0      16   0       50
C    64   50    0       0      16   0       50
C    1    50    0       0      16   0       50
D    1    50    50      50     19   0       0
D    16   50    50      800    23   0       0
D    64   50    50      3200   75   0       0
