# cols t where got pump parse flush keys nscroll tscroll nflush ncells reads e1e bursts bbytes bcs breads
# snapshots=154 every=50cs drain=1024 rmax=64 fastmv=-1
659982 4 0 1 0 1 0 0 0 1 1 215 175 0 0 0 0
660033 4 598 21 0 5 3 0 0 3 200 262 216 1 387 2 2
660083 4 2550 50 5 14 4 0 0 7 982 308 244 3 1978 14 15
660134 4 3406 70 6 16 7 0 0 9 1011 350 279 4 2595 16 17
660185 4 3406 81 6 16 7 0 0 9 1011 379 308 4 2595 16 17
660235 4 3406 89 6 17 8 0 0 9 1011 401 330 4 2595 16 17
660285 4 3406 96 6 17 9 0 0 9 1011 423 352 4 2595 16 17
660337 4 3406 104 6 17 10 0 0 9 1011 446 375 4 2595 16 17
660389 4 3406 113 6 18 11 0 0 9 1011 469 398 4 2595 16 17
660439 4 3406 120 6 18 12 0 0 9 1011 491 420 4 2595 16 17
660491 4 3406 128 6 20 13 0 0 9 1011 514 443 4 2595 16 17
660543 4 3406 136 6 20 14 0 0 9 1011 537 466 4 2595 16 17
660593 4 3406 144 6 20 15 0 0 9 1011 559 488 4 2595 16 17
660645 4 3406 152 6 21 16 0 0 9 1011 582 511 4 2595 16 17
660697 4 3406 161 6 21 17 0 0 9 1011 605 534 4 2595 16 17
660749 4 3406 170 6 22 18 0 0 9 1011 628 557 4 2595 16 17
660799 4 3406 177 6 22 19 0 0 9 1011 650 579 4 2595 16 17
660849 4 3406 187 6 22 19 0 0 9 1011 672 601 4 2595 16 17
660901 4 3406 195 6 23 20 0 0 9 1011 695 624 4 2595 16 17
660953 4 3406 204 6 24 21 0 0 9 1011 718 647 4 2595 16 17
661005 4 3406 213 6 25 22 0 0 9 1011 741 670 4 2595 16 17
661055 4 3406 220 6 25 23 0 0 9 1011 763 692 4 2595 16 17
661107 4 3406 229 6 26 24 0 0 9 1011 786 715 4 2595 16 17
661157 4 3719 244 6 28 26 0 0 10 1012 820 748 5 2908 18 19
661208 4 3719 254 6 29 28 0 0 10 1012 847 775 5 2908 18 19
661258 4 4676 274 7 32 37 0 0 13 1015 892 817 8 3865 24 25
661308 4 4676 285 7 32 38 0 0 13 1015 918 843 8 3865 24 25
661358 4 4676 294 7 33 39 0 0 13 1015 940 865 8 3865 24 25
661408 4 4676 303 7 33 40 0 0 13 1015 962 887 8 3865 24 25
661458 4 4940 322 8 39 44 0 0 16 2103 1000 916 8 3865 24 25
661508 4 12546 350 17 52 44 0 0 18 6000 1027 933 10 11471 35 27
661558 4 17227 371 22 59 45 0 0 20 7443 1059 950 12 16152 44 30
661608 4 24833 397 30 68 46 0 0 22 8873 1085 962 14 23758 54 32
661658 4 33609 422 40 75 47 0 0 25 9545 1114 978 17 32534 66 36
661708 4 37120 447 44 79 49 0 0 26 10027 1152 1003 18 36045 71 37
661759 4 37120 457 44 80 51 0 0 26 10027 1177 1023 18 36045 71 37
661812 4 45896 478 53 89 53 0 0 29 11123 1197 1032 21 44821 84 41
661862 4 58183 512 67 94 54 0 0 33 11207 1228 1050 25 57108 100 46
661912 4 58183 530 67 95 57 0 0 33 11207 1266 1088 25 57108 100 46
661962 4 70470 556 79 102 57 0 0 37 11277 1285 1095 29 69395 117 51
662013 4 82757 587 92 107 59 0 0 41 11427 1318 1119 33 81682 133 56
662064 4 95044 613 103 113 60 0 0 46 11514 1342 1131 37 93865 150 61
662114 4 106862 647 116 117 61 0 0 50 11618 1375 1154 41 105683 166 66
662164 4 106966 667 116 119 61 0 0 51 11619 1416 1194 41 105683 166 66
662214 4 106966 680 116 119 61 0 0 51 11619 1442 1220 41 105683 166 66
662264 4 115054 702 124 122 61 0 0 54 11678 1464 1231 43 113667 176 68
662314 4 127682 736 136 129 63 0 0 59 12037 1494 1248 47 126040 193 73
662364 4 127786 757 136 131 65 0 0 60 12039 1538 1291 47 126040 193 73
662414 4 127786 769 136 131 68 0 0 60 12039 1564 1317 47 126040 193 73
662464 4 135874 790 144 134 69 0 0 63 12097 1587 1330 49 134024 203 75
662514 4 148624 823 157 141 72 0 0 68 12227 1619 1351 53 146565 220 80
662565 4 148728 839 157 145 73 0 0 69 12228 1664 1395 53 146565 220 80
662616 4 148728 848 157 146 74 0 0 69 12228 1691 1422 53 146565 220 80
662670 4 160864 874 170 150 76 0 0 73 12339 1713 1432 56 158597 235 83
662720 4 169678 902 178 154 80 0 0 77 12370 1746 1452 59 167156 247 87
662770 4 177870 928 187 165 81 0 0 80 15316 1773 1463 62 175348 259 91
662820 4 181965 947 192 172 81 0 0 81 17616 1805 1483 63 179443 264 92
662877 4 185693 962 196 180 82 0 0 82 18806 1829 1503 64 183171 269 93
662927 4 197684 993 211 189 85 0 0 87 19675 1853 1511 69 195162 287 98
662978 4 197684 1007 211 190 89 0 0 87 19675 1892 1550 69 195162 287 98
663028 4 197684 1016 211 191 90 0 0 87 19675 1914 1572 69 195162 287 98
663078 4 207280 1040 222 197 91 0 0 91 20181 1934 1582 73 204758 303 104
663129 4 207280 1058 222 197 92 0 0 91 20181 1971 1619 73 204758 303 104
663179 4 207280 1066 222 198 94 0 0 91 20181 1993 1641 73 204758 303 104
663229 4 207280 1074 222 199 95 0 0 91 20181 2015 1663 73 204758 303 104
663279 4 216906 1097 233 205 95 0 0 94 20778 2033 1671 76 214384 317 107
663329 4 216906 1117 233 206 96 0 0 94 20778 2070 1708 76 214384 317 107
663379 4 216906 1124 233 206 98 0 0 94 20778 2092 1730 76 214384 317 107
663431 4 216906 1133 233 207 99 0 0 94 20778 2115 1753 76 214384 317 107
663481 4 225096 1159 243 211 100 0 0 96 21166 2141 1771 78 222574 328 109
663531 4 225096 1171 243 211 102 0 0 96 21166 2176 1806 78 222574 328 109
663581 4 232016 1192 251 216 103 0 0 99 21518 2203 1827 81 229494 339 113
663631 4 232016 1207 251 216 103 0 0 99 21518 2234 1858 81 229494 339 113
663681 4 241741 1230 262 223 103 0 0 103 22143 2254 1867 84 239058 351 116
663732 4 241741 1247 262 223 104 0 0 103 22143 2291 1904 84 239058 351 116
663794 4 241825 1257 264 239 105 0 0 104 27263 2311 1921 84 239058 351 116
663845 4 242743 1277 265 244 105 0 0 108 27295 2356 1957 85 239685 352 118
663896 4 242743 1286 265 245 106 0 0 108 27295 2381 1982 85 239685 352 118
663946 4 242743 1294 265 245 107 0 0 108 27295 2403 2004 85 239685 352 118
663996 4 242743 1302 265 247 108 0 0 108 27295 2425 2026 85 239685 352 118
664046 4 242743 1311 265 247 109 0 0 108 27295 2447 2048 85 239685 352 118
664096 4 242743 1319 265 248 110 0 0 108 27295 2469 2070 85 239685 352 118
664146 4 242743 1326 265 248 110 0 0 108 27295 2491 2092 85 239685 352 118
664198 4 242743 1335 265 249 111 0 0 108 27295 2514 2115 85 239685 352 118
664250 4 242743 1343 265 249 112 0 0 108 27295 2537 2138 85 239685 352 118
664300 4 242743 1351 265 250 114 0 0 108 27295 2559 2160 85 239685 352 118
664352 4 242743 1360 265 250 115 0 0 108 27295 2582 2183 85 239685 352 118
664404 4 242743 1368 265 250 116 0 0 108 27295 2605 2206 85 239685 352 118
664454 4 242743 1375 265 251 118 0 0 108 27295 2627 2228 85 239685 352 118
664506 4 242743 1383 265 253 119 0 0 108 27295 2650 2251 85 239685 352 118
664558 4 242743 1392 265 254 120 0 0 108 27295 2673 2274 85 239685 352 118
664608 4 242743 1400 265 254 121 0 0 108 27295 2695 2296 85 239685 352 118
664658 4 243056 1413 266 256 122 0 0 109 27296 2721 2321 86 239998 353 120
664708 4 244000 1432 268 262 127 0 0 112 27299 2768 2365 89 240942 356 126
664760 4 244000 1450 268 263 127 0 0 112 27299 2806 2403 89 240942 356 126
664810 4 244317 1463 269 266 130 0 0 113 27303 2845 2441 90 241259 358 128
664862 4 244317 1469 269 267 131 0 0 113 27303 2868 2464 90 241259 358 128
664911 4 244317 1477 269 268 132 0 0 113 27303 2890 2486 90 241259 358 128
664961 4 244317 1485 269 269 133 0 0 113 27303 2912 2508 90 241259 358 128
665011 4 244317 1494 269 270 134 0 0 113 27303 2934 2530 90 241259 358 128
665061 4 244317 1501 269 271 135 0 0 113 27303 2956 2552 90 241259 358 128
665111 4 244317 1508 269 271 136 0 0 113 27303 2978 2574 90 241259 358 128
665162 4 244631 1522 269 273 137 0 0 114 27307 3008 2603 91 241573 360 130
665212 4 245269 1537 271 277 144 0 0 118 27311 3057 2648 93 242201 362 134
665262 4 245269 1543 271 280 146 0 0 118 27311 3085 2676 93 242201 362 134
665313 4 245902 1560 272 283 149 0 0 120 27316 3128 2717 95 242834 366 138
665363 4 245902 1569 272 284 151 0 0 120 27316 3154 2743 95 242834 366 138
665413 4 246530 1588 273 288 153 0 0 122 27321 3191 2778 97 243462 369 142
665464 4 246530 1605 273 288 154 0 0 122 27321 3223 2810 97 243462 369 142
665514 4 246530 1613 273 288 156 0 0 122 27321 3245 2832 97 243462 369 142
665566 4 246530 1621 273 289 157 0 0 122 27321 3268 2855 97 243462 369 142
665616 4 246530 1630 273 289 157 0 0 122 27321 3290 2877 97 243462 369 142
665666 4 246530 1638 273 290 159 0 0 122 27321 3312 2899 97 243462 369 142
665716 4 246530 1647 273 291 160 0 0 122 27321 3334 2921 97 243462 369 142
665766 4 246530 1655 273 291 161 0 0 122 27321 3356 2943 97 243462 369 142
665816 4 246530 1663 273 291 162 0 0 122 27321 3378 2965 97 243462 369 142
665866 4 246530 1672 273 292 162 0 0 122 27321 3400 2987 97 243462 369 142
665916 4 246869 1681 273 294 164 0 0 124 27324 3423 3008 98 243782 371 144
665967 4 247812 1701 273 297 165 0 0 125 27353 3472 3053 99 244725 375 148
666018 4 247812 1710 273 299 166 0 0 125 27353 3498 3079 99 244725 375 148
666068 4 247812 1718 273 299 168 0 0 125 27353 3520 3101 99 244725 375 148
666118 4 248441 1732 273 301 169 0 0 127 27355 3556 3135 101 245354 378 152
666168 4 248760 1752 273 303 171 0 0 128 27356 3601 3179 102 245673 379 154
666218 4 249407 1774 274 305 172 0 0 130 27358 3647 3223 104 246320 383 158
666269 4 249407 1789 274 305 173 0 0 130 27358 3678 3254 104 246320 383 158
666319 4 249407 1796 274 306 174 0 0 130 27358 3700 3276 104 246320 383 158
666370 4 250562 1814 277 313 175 0 0 134 28539 3734 3303 105 247176 387 161
666420 4 250562 1828 277 313 176 0 0 134 28539 3773 3342 105 247176 387 161
666472 4 250562 1836 277 313 177 0 0 134 28539 3796 3365 105 247176 387 161
666524 4 250562 1845 277 313 178 0 0 134 28539 3819 3388 105 247176 387 161
666574 4 250875 1852 277 314 180 0 0 135 28540 3843 3411 106 247489 389 163
666624 4 251202 1872 277 317 184 0 0 137 28542 3889 3455 107 247805 391 165
666675 4 251891 1894 278 323 184 0 0 139 28848 3933 3487 108 248279 392 167
666725 4 255274 1914 282 333 186 0 0 142 30527 3964 3511 110 251600 398 171
666776 4 255274 1924 282 334 188 0 0 142 30527 3993 3540 110 251600 398 171
666828 4 255274 1932 282 336 189 0 0 142 30527 4016 3563 110 251600 398 171
666878 4 255274 1941 282 337 189 0 0 142 30527 4038 3585 110 251600 398 171
666928 4 255274 1948 282 339 190 0 0 142 30527 4060 3607 110 251600 398 171
666980 4 255274 1957 282 339 190 0 0 142 30527 4083 3630 110 251600 398 171
667032 4 255274 1966 282 340 191 0 0 142 30527 4106 3653 110 251600 398 171
667082 4 255274 1974 282 340 191 0 0 142 30527 4128 3675 110 251600 398 171
667132 4 255274 1982 282 341 192 0 0 142 30527 4150 3697 110 251600 398 171
667184 4 255274 1990 282 343 193 0 0 142 30527 4173 3720 110 251600 398 171
667236 4 255274 1999 282 343 194 0 0 142 30527 4196 3743 110 251600 398 171
667288 4 255274 2008 282 344 195 0 0 142 30527 4219 3766 110 251600 398 171
667338 4 255274 2015 282 345 196 0 0 142 30527 4241 3788 110 251600 398 171
667390 4 255274 2024 282 345 197 0 0 142 30527 4264 3811 110 251600 398 171
667442 4 255274 2033 282 346 198 0 0 142 30527 4287 3834 110 251600 398 171
667492 4 255274 2040 282 346 199 0 0 142 30527 4309 3856 110 251600 398 171
667542 4 255903 2057 283 348 202 0 0 144 30529 4342 3887 112 252229 401 175
667592 4 256222 2073 283 352 204 0 0 145 30530 4389 3933 113 252548 403 177
667642 4 256544 2090 284 356 205 0 0 146 30531 4428 3971 114 252870 404 179
667692 4 256544 2097 284 356 205 0 0 146 30531 4451 3994 114 252870 404 179
667743 4 256555 2106 284 359 206 0 0 147 30532 4473 4014 114 252870 404 179
