# cols t where got pump parse flush keys nscroll tscroll nflush ncells reads e1e bursts bbytes bcs breads
# snapshots=56 every=50cs drain=1024 rmax=64 fastmv=-1
386589 4 0 0 0 1 0 0 0 1 1 1 1 0 0 0 0
386639 4 349 26 0 2 1 0 0 2 37 50 44 1 349 5 7
386690 4 349 36 0 2 2 0 0 2 37 75 69 1 349 5 7
386740 4 349 45 0 3 4 0 0 2 37 97 91 1 349 5 7
386790 4 349 53 0 4 5 0 0 2 37 119 113 1 349 5 7
386840 4 349 61 0 4 8 0 0 2 37 141 135 1 349 5 7
386890 4 349 69 0 4 9 0 0 2 37 163 157 1 349 5 7
386940 4 349 76 0 5 10 0 0 2 37 185 179 1 349 5 7
386990 4 350 88 0 6 11 0 0 3 38 212 205 1 349 5 7
387040 4 351 104 0 7 13 0 0 4 39 252 244 1 349 5 7
387091 4 351 115 0 7 14 0 0 4 39 275 267 1 349 5 7
387141 4 351 124 0 7 15 0 0 4 39 297 289 1 349 5 7
387212 4 962 169 0 11 16 0 0 6 268 328 309 2 949 41 18
387262 4 1562 190 1 15 18 0 0 7 653 379 350 3 1549 49 29
387312 4 1562 198 1 15 20 0 0 7 653 404 375 3 1549 49 29
387363 4 2548 220 1 19 22 0 0 8 1047 450 405 4 2535 62 46
387414 4 2548 228 1 20 24 0 0 8 1047 475 430 4 2535 62 46
387466 4 2548 236 1 21 25 0 0 8 1047 498 453 4 2535 62 46
387516 4 2548 244 1 21 26 0 0 8 1047 520 475 4 2535 62 46
387566 4 2548 252 1 22 27 0 0 8 1047 542 497 4 2535 62 46
387618 4 2548 260 1 22 28 0 0 8 1047 565 520 4 2535 62 46
387668 4 2548 270 1 22 28 0 0 8 1047 587 542 4 2535 62 46
387718 4 2550 284 1 25 33 0 0 10 1049 628 581 4 2535 62 46
387769 4 2550 296 1 25 33 0 0 10 1049 652 605 4 2535 62 46
387819 4 2550 304 1 26 34 0 0 10 1049 674 627 4 2535 62 46
387869 4 2561 312 2 27 35 0 0 11 1050 700 652 4 2535 62 46
387920 4 3151 338 3 31 36 0 0 12 1066 750 692 5 3125 70 57
387971 4 3151 346 3 31 39 0 0 12 1066 775 717 5 3125 70 57
388021 4 3151 354 3 31 40 0 0 12 1066 797 739 5 3125 70 57
388071 4 3153 373 3 33 43 0 0 14 1068 842 782 5 3125 70 57
388121 4 3164 384 3 34 46 0 0 15 1069 866 805 5 3125 70 57
388182 4 4064 434 5 38 46 0 0 18 1529 901 825 8 4025 111 75
388233 4 4664 457 7 44 49 0 0 20 1917 952 866 10 4625 119 87
388296 4 5564 483 12 51 51 2 3 22 2494 994 893 12 5525 136 104
388351 4 6652 529 43 56 51 18 31 23 3161 1021 903 13 6613 178 121
388401 4 6972 568 44 57 53 18 31 24 3177 1046 923 14 6933 209 127
388451 4 6972 578 44 58 55 18 31 24 3177 1074 951 14 6933 209 127
388501 4 6972 586 44 59 55 18 31 24 3177 1096 973 14 6933 209 127
388551 4 6972 594 44 59 56 18 31 24 3177 1118 995 14 6933 209 127
388601 4 6972 602 44 59 57 18 31 24 3177 1140 1017 14 6933 209 127
388651 4 6972 608 44 61 58 18 31 24 3177 1162 1039 14 6933 209 127
388701 4 6972 616 44 62 59 18 31 24 3177 1184 1061 14 6933 209 127
388751 4 6974 636 44 64 61 18 31 26 3179 1218 1093 14 6933 209 127
388803 4 6974 647 44 65 62 18 31 26 3179 1253 1128 14 6933 209 127
388914 4 8185 730 76 70 64 35 60 29 3801 1295 1149 16 8133 281 149
388964 4 8485 753 85 72 66 40 69 30 3900 1332 1181 17 8433 294 155
389059 4 9533 825 117 75 67 57 99 31 4375 1359 1191 18 9481 365 172
389109 4 10793 870 143 78 69 71 124 33 4806 1385 1197 19 10569 404 189
389159 4 10793 886 143 79 70 71 124 33 4806 1421 1233 19 10569 404 189
389209 4 10793 895 143 80 70 71 124 33 4806 1443 1255 19 10569 404 189
389259 4 10793 902 143 81 71 71 124 33 4806 1465 1277 19 10569 404 189
389309 4 10793 909 143 81 72 71 124 33 4806 1487 1299 19 10569 404 189
389361 4 10793 917 143 81 73 71 124 33 4806 1510 1322 19 10569 404 189
389413 4 10793 926 143 82 75 71 124 33 4806 1533 1345 19 10569 404 189
389463 4 10793 935 143 82 76 71 124 33 4806 1555 1367 19 10569 404 189
389513 4 10793 943 143 82 77 71 124 33 4806 1577 1389 19 10569 404 189
