# cols t where got pump parse flush keys nscroll tscroll nflush ncells reads e1e bursts bbytes bcs breads
# snapshots=237 every=50cs drain=1024 rmax=64 fastmv=-1
160884 4 0 1 0 1 0 0 0 1 1 238 197 0 0 0 0
160934 4 857 23 1 6 1 0 0 4 482 282 230 1 568 2 2
160985 4 857 32 1 6 3 0 0 4 482 316 264 1 568 2 2
161035 4 857 40 1 6 4 0 0 4 482 338 286 1 568 2 2
161087 4 857 48 1 7 5 0 0 4 482 361 309 1 568 2 2
161139 4 857 56 1 7 6 0 0 4 482 384 332 1 568 2 2
161191 4 857 64 1 8 7 0 0 4 482 407 355 1 568 2 2
161243 4 857 72 1 8 8 0 0 4 482 430 378 1 568 2 2
161295 4 857 80 1 9 9 0 0 4 482 453 401 1 568 2 2
161347 4 857 88 1 10 10 0 0 4 482 476 424 1 568 2 2
161397 4 857 95 1 11 11 0 0 4 482 498 446 1 568 2 2
161449 4 857 103 1 11 12 0 0 4 482 521 469 1 568 2 2
161501 4 857 111 1 11 13 0 0 4 482 544 492 1 568 2 2
161553 4 857 119 1 11 14 0 0 4 482 567 515 1 568 2 2
161605 4 857 127 1 11 15 0 0 4 482 590 538 1 568 2 2
161657 4 857 135 1 11 16 0 0 4 482 613 561 1 568 2 2
161709 4 857 143 1 11 17 0 0 4 482 636 584 1 568 2 2
161759 4 857 151 1 11 18 0 0 4 482 658 606 1 568 2 2
161811 4 857 160 1 12 19 0 0 4 482 681 629 1 568 2 2
161863 4 857 168 1 12 20 0 0 4 482 704 652 1 568 2 2
161915 4 857 176 1 12 21 0 0 4 482 727 675 1 568 2 2
161967 4 857 184 1 13 22 0 0 4 482 750 698 1 568 2 2
162019 4 857 192 1 13 23 0 0 4 482 773 721 1 568 2 2
162069 4 857 199 1 14 25 0 0 4 482 795 743 1 568 2 2
162121 4 857 208 1 15 26 0 0 4 482 818 766 1 568 2 2
162173 4 857 216 1 16 27 0 0 4 482 841 789 1 568 2 2
162225 4 857 224 1 16 28 0 0 4 482 864 812 1 568 2 2
162277 4 857 233 1 16 29 0 0 4 482 887 835 1 568 2 2
162327 4 857 243 1 16 30 0 0 4 482 909 857 1 568 2 2
162377 4 857 249 1 16 31 0 0 4 482 931 879 1 568 2 2
162427 4 857 257 1 16 33 0 0 4 482 953 901 1 568 2 2
162479 4 857 265 1 16 34 0 0 4 482 976 924 1 568 2 2
162531 4 857 273 1 16 35 0 0 4 482 999 947 1 568 2 2
162583 4 857 281 1 16 36 0 0 4 482 1022 970 1 568 2 2
162635 4 857 289 1 16 37 0 0 4 482 1045 993 1 568 2 2
162687 4 857 297 1 17 38 0 0 4 482 1068 1016 1 568 2 2
162737 4 857 305 1 18 39 0 0 4 482 1090 1038 1 568 2 2
162789 4 857 314 1 18 40 0 0 4 482 1113 1061 1 568 2 2
162841 4 857 322 1 18 41 0 0 4 482 1136 1084 1 568 2 2
162893 4 857 330 1 18 42 0 0 4 482 1159 1107 1 568 2 2
162945 4 857 338 1 18 43 0 0 4 482 1182 1130 1 568 2 2
162995 4 858 360 1 19 44 0 0 5 483 1220 1167 1 568 2 2
163045 4 858 368 1 19 45 0 0 5 483 1243 1190 1 568 2 2
163096 4 858 376 1 19 47 0 0 5 483 1265 1212 1 568 2 2
163146 4 862 386 1 22 49 0 0 6 485 1304 1250 1 568 2 2
163198 4 862 392 1 22 51 0 0 6 485 1327 1273 1 568 2 2
163248 4 863 401 1 23 54 0 0 7 486 1349 1294 1 568 2 2
163298 4 864 424 1 24 55 0 0 8 487 1393 1337 1 568 2 2
163348 4 1094 447 1 26 59 0 0 10 489 1433 1364 1 568 2 2
163399 4 4683 467 7 39 61 7 1 12 2595 1465 1388 3 4157 10 6
163449 4 4683 478 7 40 64 7 1 12 2595 1494 1417 3 4157 10 6
163499 4 4683 485 7 40 65 7 1 12 2595 1516 1439 3 4157 10 6
163551 4 4683 493 7 41 66 7 1 12 2595 1539 1462 3 4157 10 6
163603 4 4683 502 7 41 67 7 1 12 2595 1562 1485 3 4157 10 6
163655 4 4683 510 7 42 68 7 1 12 2595 1585 1508 3 4157 10 6
163705 4 4683 518 7 42 69 7 1 12 2595 1607 1530 3 4157 10 6
163757 4 4683 527 7 43 70 7 1 12 2595 1630 1553 3 4157 10 6
163809 4 4683 535 7 44 71 7 1 12 2595 1653 1576 3 4157 10 6
163861 4 4683 543 7 44 72 7 1 12 2595 1676 1599 3 4157 10 6
163913 4 4683 551 7 45 73 7 1 12 2595 1699 1622 3 4157 10 6
163965 4 4683 559 7 46 75 7 1 12 2595 1722 1645 3 4157 10 6
164017 4 4683 568 7 47 76 7 1 12 2595 1745 1668 3 4157 10 6
164069 4 4683 576 7 48 77 7 1 12 2595 1768 1691 3 4157 10 6
164119 4 4683 583 7 48 78 7 1 12 2595 1790 1713 3 4157 10 6
164171 4 4683 591 7 48 79 7 1 12 2595 1813 1736 3 4157 10 6
164223 4 4683 599 7 48 80 7 1 12 2595 1836 1759 3 4157 10 6
164275 4 4683 608 7 48 81 7 1 12 2595 1859 1782 3 4157 10 6
164325 4 4683 617 7 49 81 7 1 12 2595 1881 1804 3 4157 10 6
164375 4 4683 624 7 49 82 7 1 12 2595 1903 1826 3 4157 10 6
164427 4 4683 633 7 49 83 7 1 12 2595 1926 1849 3 4157 10 6
164479 4 4683 641 7 50 84 7 1 12 2595 1949 1872 3 4157 10 6
164529 4 4683 648 7 51 86 7 1 12 2595 1971 1894 3 4157 10 6
164581 4 4683 656 7 51 87 7 1 12 2595 1994 1917 3 4157 10 6
164633 4 4683 664 7 52 88 7 1 12 2595 2017 1940 3 4157 10 6
164684 4 4685 677 7 54 92 7 1 14 2597 2046 1967 3 4157 10 6
164734 4 4685 691 7 55 98 7 1 14 2597 2085 2006 3 4157 10 6
164791 4 8215 717 22 68 100 60 10 17 4761 2110 2026 4 7457 25 7
164841 4 8504 738 22 69 100 60 10 18 4777 2150 2064 5 7746 27 10
164892 4 8504 748 22 70 101 60 10 18 4777 2173 2087 5 7746 27 10
164942 4 8504 755 22 70 102 60 10 18 4777 2195 2109 5 7746 27 10
164994 4 8504 763 22 71 103 60 10 18 4777 2218 2132 5 7746 27 10
165046 4 8504 771 22 71 104 60 10 18 4777 2241 2155 5 7746 27 10
165098 4 8504 779 22 71 105 60 10 18 4777 2264 2178 5 7746 27 10
165150 4 8504 787 22 71 106 60 10 18 4777 2287 2201 5 7746 27 10
165201 4 8506 809 22 74 109 60 10 20 4779 2327 2239 5 7746 27 10
165251 4 8506 816 22 76 110 60 10 20 4779 2352 2264 5 7746 27 10
165301 4 8506 824 22 76 111 60 10 20 4779 2374 2286 5 7746 27 10
165351 4 9087 837 24 80 117 61 11 23 4797 2413 2320 6 8097 29 13
165402 4 9087 849 24 82 119 61 11 23 4797 2447 2354 6 8097 29 13
165454 4 9087 857 24 82 120 61 11 23 4797 2470 2377 6 8097 29 13
165506 4 9088 866 24 83 122 61 11 24 4798 2493 2399 6 8097 29 13
165556 4 9089 879 25 86 127 61 11 25 4799 2541 2446 6 8097 29 13
165606 4 9101 898 26 90 130 62 12 27 4801 2580 2483 6 8097 29 13
165656 4 9683 920 28 91 133 63 12 28 4827 2628 2527 7 8679 32 17
165706 4 9683 929 28 91 134 63 12 28 4827 2653 2552 7 8679 32 17
165756 4 9683 936 28 92 135 63 12 28 4827 2675 2574 7 8679 32 17
165808 4 9683 944 28 92 136 63 12 28 4827 2698 2597 7 8679 32 17
165860 4 9683 952 28 93 137 63 12 28 4827 2721 2620 7 8679 32 17
165912 4 9683 960 28 93 139 63 12 28 4827 2744 2643 7 8679 32 17
165964 4 9683 968 28 94 140 63 12 28 4827 2767 2666 7 8679 32 17
166016 4 9683 976 28 94 141 63 12 28 4827 2790 2689 7 8679 32 17
166066 4 9684 983 28 95 143 63 12 29 4828 2812 2710 7 8679 32 17
166116 4 9685 997 28 96 148 63 12 30 4829 2859 2756 7 8679 32 17
166166 4 9688 1023 28 101 150 63 12 33 4832 2906 2800 7 8679 32 17
166217 4 9689 1042 28 102 153 63 12 34 4833 2947 2840 7 8679 32 17
166267 4 9691 1058 28 104 156 63 12 36 4835 2987 2878 7 8679 32 17
166317 4 9692 1077 28 105 158 63 12 37 4836 3033 2923 7 8679 32 17
166369 4 9692 1084 28 107 160 63 12 37 4836 3058 2948 7 8679 32 17
166419 4 9693 1101 28 108 163 63 12 38 4837 3096 2985 7 8679 32 17
166469 4 9695 1127 28 111 166 63 12 40 4839 3140 3027 7 8679 32 17
166521 4 9925 1141 30 114 167 64 12 42 4841 3175 3059 7 8679 32 17
166571 4 11651 1172 43 123 169 114 21 46 6222 3202 3067 11 10405 51 25
166621 4 12072 1193 47 127 171 127 24 47 6561 3241 3102 12 10826 57 29
166672 4 12072 1200 47 127 172 127 24 47 6561 3264 3125 12 10826 57 29
166724 4 12072 1208 47 127 173 127 24 47 6561 3287 3148 12 10826 57 29
166776 4 12072 1216 47 127 174 127 24 47 6561 3310 3171 12 10826 57 29
166828 4 12072 1224 47 128 175 127 24 47 6561 3333 3194 12 10826 57 29
166880 4 12072 1232 47 128 176 127 24 47 6561 3356 3217 12 10826 57 29
166930 4 12072 1239 47 129 177 127 24 47 6561 3378 3239 12 10826 57 29
166982 4 12072 1247 47 129 178 127 24 47 6561 3401 3262 12 10826 57 29
167032 4 12121 1258 48 131 179 130 25 48 6610 3424 3284 12 10826 57 29
167091 4 12925 1294 58 137 180 161 34 50 7245 3475 3318 13 11576 76 44
167141 4 13887 1326 66 145 181 187 39 53 8031 3521 3344 14 12222 89 56
167192 4 14238 1344 66 146 182 187 39 54 8047 3564 3385 15 12573 91 59
167242 4 14238 1354 66 146 183 187 39 54 8047 3587 3408 15 12573 91 59
167292 4 14238 1362 66 147 184 187 39 54 8047 3609 3430 15 12573 91 59
167342 4 14238 1371 66 147 186 187 39 54 8047 3631 3452 15 12573 91 59
167392 4 14238 1380 66 148 186 187 39 54 8047 3653 3474 15 12573 91 59
167442 4 14238 1387 66 148 187 187 39 54 8047 3675 3496 15 12573 91 59
167494 4 14238 1395 66 148 188 187 39 54 8047 3698 3519 15 12573 91 59
167546 4 14238 1403 66 149 189 187 39 54 8047 3721 3542 15 12573 91 59
167598 4 14238 1411 66 150 191 187 39 54 8047 3744 3565 15 12573 91 59
167650 4 14238 1419 66 150 192 187 39 54 8047 3767 3588 15 12573 91 59
167702 4 14238 1427 66 151 193 187 39 54 8047 3790 3611 15 12573 91 59
167754 4 14238 1435 66 152 194 187 39 54 8047 3813 3634 15 12573 91 59
167806 4 14238 1443 66 153 196 187 39 54 8047 3836 3657 15 12573 91 59
167858 4 14238 1451 66 153 198 187 39 54 8047 3859 3680 15 12573 91 59
167910 4 14238 1459 66 153 199 187 39 54 8047 3882 3703 15 12573 91 59
167960 4 14238 1466 66 153 200 187 39 54 8047 3904 3725 15 12573 91 59
168010 4 14239 1478 67 154 202 187 39 55 8048 3936 3756 15 12573 91 59
168061 4 14240 1497 67 155 203 187 39 56 8049 3978 3797 15 12573 91 59
168111 4 14241 1512 67 157 205 187 39 57 8050 4017 3835 15 12573 91 59
168161 4 14242 1526 67 158 206 187 39 58 8051 4042 3859 15 12573 91 59
168211 4 14242 1544 67 158 206 187 39 58 8051 4079 3896 15 12573 91 59
168261 4 14243 1556 68 161 208 187 39 59 8052 4117 3933 15 12573 91 59
168311 4 14244 1567 69 165 211 187 39 60 8053 4155 3970 15 12573 91 59
168361 4 14246 1585 69 169 213 187 39 62 8055 4201 4014 15 12573 91 59
168411 4 14247 1607 69 171 216 187 39 63 8056 4241 4053 15 12573 91 59
168461 4 14249 1628 69 174 219 187 39 65 8058 4284 4094 15 12573 91 59
168513 4 14249 1646 69 175 221 187 39 65 8058 4317 4127 15 12573 91 59
168589 4 18405 1690 99 185 223 311 61 68 9599 4349 4153 16 16499 122 60
168640 4 18756 1705 99 187 226 311 61 69 9615 4390 4191 17 16850 126 64
168691 4 18756 1715 99 187 227 311 61 69 9615 4413 4214 17 16850 126 64
168741 4 18756 1725 99 187 227 311 61 69 9615 4435 4236 17 16850 126 64
168791 4 18756 1733 99 187 228 311 61 69 9615 4457 4258 17 16850 126 64
168841 4 18756 1742 99 187 229 311 61 69 9615 4479 4280 17 16850 126 64
168891 4 18756 1749 99 187 230 311 61 69 9615 4501 4302 17 16850 126 64
168943 4 18756 1757 99 187 231 311 61 69 9615 4524 4325 17 16850 126 64
168995 4 18756 1765 99 187 232 311 61 69 9615 4547 4348 17 16850 126 64
169047 4 18756 1773 99 187 233 311 61 69 9615 4570 4371 17 16850 126 64
169099 4 18756 1781 99 188 234 311 61 69 9615 4593 4394 17 16850 126 64
169149 4 18756 1788 99 189 235 311 61 69 9615 4615 4416 17 16850 126 64
169201 4 18756 1796 99 189 236 311 61 69 9615 4638 4439 17 16850 126 64
169253 4 18756 1804 99 189 237 311 61 69 9615 4661 4462 17 16850 126 64
169305 4 18756 1812 99 189 238 311 61 69 9615 4684 4485 17 16850 126 64
169357 4 18756 1820 99 189 239 311 61 69 9615 4707 4508 17 16850 126 64
169409 4 18756 1828 99 189 240 311 61 69 9615 4730 4531 17 16850 126 64
169461 4 18756 1836 99 189 241 311 61 69 9615 4753 4554 17 16850 126 64
169511 4 18756 1844 99 189 242 311 61 69 9615 4775 4576 17 16850 126 64
169563 4 18756 1852 99 190 243 311 61 69 9615 4798 4599 17 16850 126 64
169613 4 18759 1874 99 193 248 311 61 72 9618 4844 4642 17 16850 126 64
169663 4 18761 1890 99 196 252 311 61 74 9620 4888 4684 17 16850 126 64
169713 4 18763 1911 99 198 258 311 61 76 9622 4937 4731 17 16850 126 64
169764 4 18763 1927 99 200 258 311 61 76 9622 4972 4766 17 16850 126 64
169814 4 18764 1936 99 201 260 311 61 77 9623 4996 4789 17 16850 126 64
169866 4 18775 1954 99 203 260 312 61 78 9624 5034 4826 17 16850 126 64
169917 4 19433 1974 100 207 261 313 62 80 9705 5083 4869 18 17289 130 68
169968 4 19433 1983 100 207 262 313 62 80 9705 5109 4895 18 17289 130 68
170018 4 19433 1990 100 207 263 313 62 80 9705 5131 4917 18 17289 130 68
170070 4 19433 1998 100 208 264 313 62 80 9705 5154 4940 18 17289 130 68
170122 4 19433 2006 100 209 265 313 62 80 9705 5177 4963 18 17289 130 68
170174 4 19433 2015 100 210 267 313 62 80 9705 5200 4986 18 17289 130 68
170226 4 19433 2024 100 210 268 313 62 80 9705 5223 5009 18 17289 130 68
170278 4 19433 2033 100 211 270 313 62 80 9705 5246 5032 18 17289 130 68
170330 4 19433 2041 100 211 271 313 62 80 9705 5269 5055 18 17289 130 68
170380 4 19434 2050 100 212 271 313 62 81 9706 5293 5078 18 17289 130 68
170430 4 19436 2073 100 214 276 313 62 83 9708 5343 5126 18 17289 130 68
170480 4 19438 2095 100 216 279 313 62 85 9710 5387 5168 18 17289 130 68
170530 4 19440 2118 100 219 283 313 62 87 9712 5436 5215 18 17289 130 68
170581 4 19441 2132 100 220 286 313 62 88 9713 5477 5255 18 17289 130 68
170632 4 19671 2149 101 222 289 314 62 90 9715 5524 5299 18 17289 130 68
170682 4 20486 2170 104 225 290 322 65 92 10003 5561 5330 19 17887 133 70
170732 4 21812 2194 108 230 291 335 68 94 10597 5598 5357 21 19213 140 74
170782 4 22220 2213 110 233 293 339 70 95 10695 5636 5390 22 19621 142 76
170832 4 23076 2232 111 236 297 340 70 96 10724 5676 5429 23 20477 144 78
170883 4 23076 2237 111 237 298 340 70 96 10724 5700 5453 23 20477 144 78
170933 4 23076 2246 111 237 299 340 70 96 10724 5722 5475 23 20477 144 78
170983 4 23076 2254 111 237 300 340 70 96 10724 5744 5497 23 20477 144 78
171033 4 23705 2269 112 239 304 340 70 98 10726 5783 5534 25 21106 147 82
171084 4 23931 2289 114 241 306 341 71 100 10728 5823 5566 25 21106 147 82
171154 4 26870 2311 126 251 307 384 78 101 12682 5844 5581 26 24045 160 83
171205 4 27788 2331 127 254 308 385 78 102 12711 5884 5619 27 24963 163 86
171256 4 27788 2342 127 255 309 385 78 102 12711 5907 5642 27 24963 163 86
171306 4 28101 2355 128 257 311 385 78 103 12712 5943 5677 28 25276 165 88
171357 4 28101 2368 128 258 312 385 78 103 12712 5968 5702 28 25276 165 88
171409 4 28101 2377 128 258 313 385 78 103 12712 5991 5725 28 25276 165 88
171461 4 28101 2385 128 259 314 385 78 103 12712 6014 5748 28 25276 165 88
171511 4 28101 2393 128 259 316 385 78 103 12712 6036 5770 28 25276 165 88
171563 4 28101 2402 128 261 316 385 78 103 12712 6059 5793 28 25276 165 88
171615 4 28101 2410 128 261 317 385 78 103 12712 6082 5816 28 25276 165 88
171667 4 28101 2418 128 262 318 385 78 103 12712 6105 5839 28 25276 165 88
171719 4 28101 2426 128 263 319 385 78 103 12712 6128 5862 28 25276 165 88
171769 4 28101 2434 128 264 320 385 78 103 12712 6150 5884 28 25276 165 88
171821 4 28101 2442 128 265 321 385 78 103 12712 6173 5907 28 25276 165 88
171873 4 28101 2451 128 266 323 385 78 103 12712 6196 5930 28 25276 165 88
171925 4 28101 2460 128 266 324 385 78 103 12712 6219 5953 28 25276 165 88
171977 4 28101 2468 128 266 325 385 78 103 12712 6242 5976 28 25276 165 88
172028 4 29030 2487 130 269 328 387 80 106 12743 6288 6018 29 26132 167 90
172081 4 29970 2504 132 272 332 390 80 109 12774 6321 6045 30 26999 171 93
172135 4 31817 2532 134 277 335 393 80 113 12834 6371 6088 33 28784 178 101
172185 4 31817 2550 134 278 336 393 80 113 12834 6410 6127 33 28784 178 101
172236 4 31817 2558 134 279 337 393 80 113 12834 6433 6150 33 28784 178 101
172287 4 31817 2567 134 279 339 393 80 113 12834 6455 6172 33 28784 178 101
172337 4 32446 2587 134 282 342 393 80 115 12836 6501 6216 35 29413 181 105
172387 4 33087 2608 135 284 346 393 80 117 12838 6547 6260 37 30054 183 109
172437 4 33087 2617 135 284 349 393 80 117 12838 6577 6290 37 30054 183 109
172487 4 33321 2636 135 287 351 395 80 119 12845 6611 6321 37 30054 183 109
172538 4 33701 2649 136 288 354 396 81 120 12884 6653 6360 38 30434 186 113
172589 4 33701 2661 136 288 355 396 81 120 12884 6676 6383 38 30434 186 113
172639 4 33701 2669 136 289 356 396 81 120 12884 6698 6405 38 30434 186 113
172691 4 33701 2678 136 290 358 396 81 120 12884 6721 6428 38 30434 186 113
172743 4 33701 2686 136 290 359 396 81 120 12884 6744 6451 38 30434 186 113
172793 4 33701 2693 136 291 360 396 81 120 12884 6766 6473 38 30434 186 113
172845 4 33701 2701 136 291 361 396 81 120 12884 6789 6496 38 30434 186 113
172897 4 33701 2710 136 292 362 396 81 120 12884 6812 6519 38 30434 186 113
172949 4 33701 2718 136 292 363 396 81 120 12884 6835 6542 38 30434 186 113
173001 4 33701 2726 136 293 364 396 81 120 12884 6858 6565 38 30434 186 113
