# cols t where got pump parse flush keys nscroll tscroll nflush ncells reads e1e bursts bbytes bcs breads
# snapshots=89 every=50cs drain=1024 rmax=64 fastmv=-1
188841 4 0 0 0 1 0 0 0 1 1 198 158 0 0 0 0
188892 4 598 21 1 5 1 0 0 4 200 245 198 1 387 2 2
188942 4 3406 52 5 19 1 0 0 12 1014 286 215 6 2742 19 20
188992 4 3406 66 5 20 2 0 0 12 1014 316 245 6 2742 19 20
189042 4 3406 74 5 20 3 0 0 12 1014 338 267 6 2742 19 20
189094 4 3406 83 5 21 5 0 0 12 1014 361 290 6 2742 19 20
189144 4 3406 91 5 21 6 0 0 12 1014 383 312 6 2742 19 20
189194 4 3406 98 5 22 7 0 0 12 1014 405 334 6 2742 19 20
189246 4 3406 107 5 22 8 0 0 12 1014 428 357 6 2742 19 20
189298 4 3406 115 5 23 9 0 0 12 1014 451 380 6 2742 19 20
189350 4 3406 124 5 23 10 0 0 12 1014 474 403 6 2742 19 20
189400 4 4035 139 6 25 14 0 0 14 1016 515 442 8 3371 23 24
189451 4 4273 161 6 28 16 0 0 17 1027 555 472 8 3371 23 24
189501 4 8188 185 15 42 17 10 1 20 3050 587 492 11 7286 34 31
189551 4 8188 198 15 44 18 10 1 20 3050 615 520 11 7286 34 31
189601 4 8188 207 15 44 19 10 1 20 3050 637 542 11 7286 34 31
189651 4 8188 216 15 45 20 10 1 20 3050 659 564 11 7286 34 31
189701 4 8501 230 16 46 23 10 1 21 3051 696 600 12 7599 36 33
189751 4 8817 247 17 48 26 10 1 22 3052 734 637 13 7915 37 35
189801 4 9458 261 17 51 27 10 1 24 3054 766 667 15 8556 41 39
189851 4 9458 277 17 53 29 10 1 24 3054 799 700 15 8556 41 39
189907 4 16693 302 27 72 31 11 2 28 9124 818 702 17 15527 51 41
189957 4 22009 327 33 79 34 11 2 30 11007 850 718 19 20843 59 43
190013 4 26104 342 38 83 35 11 2 31 11988 873 739 20 24938 64 44
190063 4 34296 372 47 91 37 11 2 34 12895 903 750 23 33130 76 47
190116 4 38391 395 52 94 39 11 2 35 13105 935 775 24 37225 82 48
190167 4 41267 419 55 99 40 11 2 36 13493 972 800 25 40101 86 49
190217 4 46583 442 62 105 42 11 2 38 14223 993 809 27 45417 94 51
190273 4 57649 471 75 113 45 11 2 41 14796 1025 828 30 56483 108 54
190323 4 57649 488 75 115 48 11 2 41 14796 1064 867 30 56483 108 54
190374 4 58870 499 77 116 49 11 2 42 14804 1085 886 31 57704 111 55
190424 4 78128 533 97 124 53 11 2 48 14958 1103 888 37 76962 135 61
190475 4 82223 558 102 125 55 11 2 49 14984 1141 922 38 81057 140 62
190527 4 94510 585 117 129 56 11 2 53 15064 1161 931 42 93344 156 66
190577 4 106797 621 131 134 58 11 2 57 15226 1191 949 46 105631 174 70
190627 4 112048 639 136 140 59 11 2 60 15416 1222 973 48 110778 181 72
190680 4 112152 656 136 143 60 11 2 61 15417 1259 1008 48 110778 181 72
190736 4 132423 697 158 151 61 11 2 67 15621 1282 1012 53 130841 205 77
190787 4 132962 715 159 154 62 11 2 69 15622 1323 1051 54 131276 207 79
190837 4 132962 733 159 154 63 11 2 69 15622 1362 1090 54 131276 207 79
190887 4 133066 747 160 156 63 11 2 70 15623 1388 1110 54 131276 207 79
190938 4 137161 770 165 158 67 11 2 71 15673 1428 1149 55 135371 212 80
190989 4 149448 801 181 162 67 11 2 75 15847 1451 1160 58 147451 227 83
191057 4 154898 821 188 181 70 12 2 77 20919 1485 1186 60 152901 236 85
191108 4 154898 835 188 182 72 12 2 77 20919 1524 1225 60 152901 236 85
191160 4 154898 843 188 183 73 12 2 77 20919 1547 1248 60 152901 236 85
191212 4 154898 852 188 184 75 12 2 77 20919 1570 1271 60 152901 236 85
191264 4 154898 860 188 184 76 12 2 77 20919 1593 1294 60 152901 236 85
191314 4 154898 866 188 184 78 12 2 77 20919 1615 1316 60 152901 236 85
191364 4 154898 874 188 184 79 12 2 77 20919 1637 1338 60 152901 236 85
191414 4 154898 882 188 184 80 12 2 77 20919 1659 1360 60 152901 236 85
191464 4 155527 900 190 187 82 12 2 79 20921 1694 1393 62 153530 238 89
191514 4 156168 915 190 191 86 12 2 81 20923 1737 1434 64 154171 242 93
191564 4 156493 935 190 193 89 12 2 82 20924 1783 1479 65 154496 244 95
191620 4 156730 950 192 201 90 13 2 84 23572 1809 1501 65 154496 244 95
191671 4 157648 972 193 203 91 13 2 86 23602 1859 1548 67 155414 248 100
191723 4 157648 986 193 204 91 13 2 86 23602 1885 1574 67 155414 248 100
191773 4 157648 993 193 204 92 13 2 86 23602 1907 1596 67 155414 248 100
191825 4 157648 1002 193 204 93 13 2 86 23602 1930 1619 67 155414 248 100
191877 4 157648 1010 193 205 94 13 2 86 23602 1953 1642 67 155414 248 100
191929 4 157648 1019 193 206 95 13 2 86 23602 1976 1665 67 155414 248 100
191981 4 157648 1027 193 207 97 13 2 86 23602 1999 1688 67 155414 248 100
192033 4 157648 1036 193 207 98 13 2 86 23602 2022 1711 67 155414 248 100
192083 4 157648 1043 193 207 100 13 2 86 23602 2044 1733 67 155414 248 100
192135 4 157648 1051 193 208 101 13 2 86 23602 2067 1756 67 155414 248 100
192187 4 157648 1060 193 208 102 13 2 86 23602 2090 1779 67 155414 248 100
192239 4 157648 1069 193 209 104 13 2 86 23602 2113 1802 67 155414 248 100
192289 4 157648 1076 193 209 105 13 2 86 23602 2135 1824 67 155414 248 100
192341 4 157648 1085 193 209 106 13 2 86 23602 2158 1847 67 155414 248 100
192393 4 157648 1094 193 209 107 13 2 86 23602 2181 1870 67 155414 248 100
192443 4 158277 1114 193 211 109 13 2 88 23604 2220 1907 69 156043 251 104
192495 4 158277 1129 193 212 111 13 2 88 23604 2253 1940 69 156043 251 104
192545 4 158977 1146 193 218 112 13 2 91 23910 2283 1957 70 156505 253 106
192595 4 162430 1164 197 229 114 13 2 93 25637 2318 1985 72 159958 259 110
192646 4 162430 1174 197 229 115 13 2 93 25637 2345 2012 72 159958 259 110
192696 4 162430 1182 197 229 116 13 2 93 25637 2367 2034 72 159958 259 110
192746 4 162430 1191 197 229 117 13 2 93 25637 2389 2056 72 159958 259 110
192796 4 162430 1199 197 229 119 13 2 93 25637 2411 2078 72 159958 259 110
192846 4 163378 1216 197 232 122 13 2 96 25640 2454 2118 75 160906 264 116
192897 4 163378 1226 197 232 125 13 2 96 25640 2482 2146 75 160906 264 116
192947 4 163378 1234 197 232 126 13 2 96 25640 2504 2168 75 160906 264 116
192997 4 163378 1242 197 232 127 13 2 96 25640 2526 2190 75 160906 264 116
193050 4 163697 1252 197 234 127 13 2 97 25641 2549 2212 76 161225 266 118
193100 4 164326 1272 197 237 132 13 2 99 25645 2599 2260 78 161854 269 122
193151 4 164645 1294 197 240 133 13 2 101 25647 2644 2303 79 162168 271 124
193202 4 164645 1305 197 240 134 13 2 101 25647 2667 2326 79 162168 271 124
193252 4 165274 1328 198 244 138 13 2 103 25649 2713 2370 81 162797 274 128
193302 4 165915 1352 200 247 142 13 2 105 25651 2752 2407 83 163438 277 132
193352 4 166141 1368 200 250 144 13 2 107 25653 2790 2442 83 163438 277 132
