# cols t where got pump parse flush keys nscroll tscroll nflush ncells reads e1e bursts bbytes bcs breads
# snapshots=53 every=50cs drain=1024 rmax=64 fastmv=-1
252450 4 0 1 0 1 0 0 0 1 1 1 1 0 0 0 0
252500 4 349 38 1 3 6 0 0 2 37 85 79 1 349 5 7
252550 4 349 69 1 5 8 0 0 2 37 165 159 1 349 5 7
252600 4 349 100 1 9 14 0 0 2 37 245 239 1 349 5 7
252650 4 349 130 1 11 18 0 0 2 37 325 319 1 349 5 7
252700 4 349 162 1 13 22 0 0 2 37 405 399 1 349 5 7
252750 4 349 194 1 16 24 0 0 2 37 485 479 1 349 5 7
252800 4 349 227 1 18 28 0 0 2 37 565 559 1 349 5 7
252850 4 349 258 1 19 31 0 0 2 37 644 638 1 349 5 7
252900 4 349 290 1 22 35 0 0 2 37 724 718 1 349 5 7
252950 4 349 320 1 22 39 0 0 2 37 804 798 1 349 5 7
253000 4 349 351 1 24 41 0 0 2 37 884 878 1 349 5 7
253050 4 350 379 1 26 46 0 0 3 38 963 956 1 349 5 7
253100 4 352 411 1 32 52 0 0 5 40 1043 1034 1 349 5 7
253150 4 352 444 1 35 58 0 0 5 40 1126 1117 1 349 5 7
253201 4 354 477 1 40 62 0 0 7 42 1206 1195 1 349 5 7
253251 4 354 512 1 44 64 0 0 7 42 1288 1277 1 349 5 7
253301 4 604 547 2 48 66 0 0 8 43 1368 1352 1 349 5 7
253351 4 604 579 2 51 71 0 0 8 43 1448 1432 1 349 5 7
253401 4 700 611 3 53 74 0 0 10 62 1527 1508 1 349 5 7
253451 4 1049 655 3 54 77 0 0 11 98 1564 1539 2 698 38 14
253501 4 1049 687 3 57 80 0 0 11 98 1646 1621 2 698 38 14
253551 4 1049 721 3 60 83 0 0 11 98 1726 1701 2 698 38 14
253601 4 1049 754 3 64 85 0 0 11 98 1804 1779 2 698 38 14
253651 4 1049 787 3 67 89 0 0 11 98 1883 1858 2 698 38 14
253701 4 1049 819 3 69 92 0 0 11 98 1963 1938 2 698 38 14
253751 4 1049 851 3 71 96 0 0 11 98 2043 2018 2 698 38 14
253801 4 1051 886 3 75 98 0 0 13 100 2124 2097 2 698 38 14
253851 4 1652 919 5 80 102 0 0 15 117 2198 2160 3 1248 46 25
253901 4 1652 952 5 83 107 0 0 15 117 2283 2245 3 1248 46 25
253951 4 1653 984 5 86 110 0 0 16 118 2363 2324 3 1248 46 25
254001 4 1654 1016 5 89 113 0 0 17 119 2444 2404 3 1248 46 25
254051 4 1884 1049 5 93 116 0 0 18 120 2521 2476 3 1248 46 25
254105 4 3572 1087 6 101 118 0 0 20 1227 2592 2520 5 2936 69 53
254163 4 5473 1132 8 108 118 0 0 24 2228 2666 2562 9 4837 96 89
254213 4 5473 1163 8 109 122 0 0 24 2228 2750 2646 9 4837 96 89
254263 4 5473 1196 8 111 126 0 0 24 2228 2829 2725 9 4837 96 89
254313 4 5473 1229 8 114 129 0 0 24 2228 2909 2805 9 4837 96 89
254363 4 5473 1260 8 118 133 0 0 24 2228 2989 2885 9 4837 96 89
254413 4 5473 1292 8 121 135 0 0 24 2228 3069 2965 9 4837 96 89
254463 4 5475 1324 8 124 142 0 0 26 2230 3146 3040 9 4837 96 89
254513 4 5475 1358 8 125 145 0 0 26 2230 3229 3123 9 4837 96 89
254584 4 6305 1419 20 128 145 6 11 27 2641 3272 3151 10 5667 147 105
254634 4 6905 1460 38 131 146 16 27 28 2890 3322 3191 11 6267 173 116
254710 4 7993 1532 71 134 146 33 57 29 3484 3342 3194 12 7355 244 133
254760 4 8705 1575 92 137 147 44 77 30 3666 3388 3228 13 8067 274 146
254812 4 9294 1609 100 141 149 48 85 31 3803 3455 3285 14 8656 289 157
254861 4 9294 1643 100 143 154 48 85 31 3803 3538 3368 14 8656 289 157
254911 4 9294 1674 100 145 159 48 85 31 3803 3618 3448 14 8656 289 157
254961 4 9294 1707 100 147 162 48 85 31 3803 3698 3528 14 8656 289 157
255011 4 9294 1741 100 149 167 48 85 31 3803 3778 3608 14 8656 289 157
255061 4 9294 1773 100 152 171 48 85 31 3803 3858 3688 14 8656 289 157
255111 4 9294 1805 100 153 176 48 85 31 3803 3938 3768 14 8656 289 157
