# cols t where got pump parse flush keys nscroll tscroll nflush ncells reads e1e bursts bbytes bcs breads
# snapshots=73 every=50cs drain=1024 rmax=64 fastmv=-1
115042 4 0 1 0 1 0 0 0 1 1 172 131 0 0 0 0
115092 4 857 29 1 6 0 0 0 4 482 218 166 1 568 2 2
115143 4 857 42 1 6 1 0 0 4 482 247 195 1 568 2 2
115193 4 857 50 1 6 2 0 0 4 482 269 217 1 568 2 2
115243 4 857 58 1 6 3 0 0 4 482 291 239 1 568 2 2
115293 4 857 66 1 6 4 0 0 4 482 313 261 1 568 2 2
115343 4 857 73 1 6 5 0 0 4 482 335 283 1 568 2 2
115395 4 857 81 1 7 6 0 0 4 482 358 306 1 568 2 2
115445 4 1090 104 1 14 8 0 0 9 487 403 345 1 568 2 2
115495 4 1755 129 1 20 10 0 0 12 747 453 388 2 930 4 5
115546 4 1755 142 1 20 11 0 0 12 747 483 418 2 930 4 5
115596 4 1755 148 1 21 13 0 0 12 747 505 440 2 930 4 5
115646 4 1755 157 1 21 14 0 0 12 747 527 462 2 930 4 5
115696 4 1755 164 1 21 15 0 0 12 747 549 484 2 930 4 5
115746 4 1768 182 1 24 20 0 0 15 750 588 520 2 930 4 5
115797 4 1987 207 2 27 21 0 0 16 751 633 553 2 930 4 5
115847 4 5576 228 9 39 21 14 4 18 2857 654 567 4 4519 14 8
115897 4 5576 245 9 40 22 14 4 18 2857 689 602 4 4519 14 8
115947 4 5576 253 9 41 24 14 4 18 2857 711 624 4 4519 14 8
115997 4 5576 261 9 41 25 14 4 18 2857 733 646 4 4519 14 8
116047 4 5577 273 9 42 28 14 4 19 2858 766 678 4 4519 14 8
116097 4 5590 296 10 46 31 15 5 22 2861 809 718 4 4519 14 8
116147 4 5822 324 10 50 34 15 5 24 2863 857 754 4 4519 14 8
116197 4 7883 339 13 60 35 15 5 25 5735 878 773 5 6580 18 9
116247 4 13204 361 19 71 38 15 5 28 7474 912 798 8 11901 26 12
116297 4 13204 376 19 71 38 15 5 28 7474 945 831 8 11901 26 12
116347 4 13204 384 19 71 39 15 5 28 7474 967 853 8 11901 26 12
116397 4 13204 392 19 72 40 15 5 28 7474 989 875 8 11901 26 12
116447 4 17336 407 24 78 41 15 5 30 8318 1007 882 10 16033 33 14
116497 4 20222 427 27 81 43 15 5 32 8649 1044 916 12 18919 38 17
116547 4 20222 437 27 81 44 15 5 32 8649 1067 939 12 18919 38 17
116597 4 20222 445 27 81 45 15 5 32 8649 1089 961 12 18919 38 17
116647 4 20222 453 27 82 46 15 5 32 8649 1111 983 12 18919 38 17
116697 4 20222 460 27 82 47 15 5 32 8649 1133 1005 12 18919 38 17
116747 4 24365 481 32 87 48 15 5 34 9243 1155 1018 14 23062 45 19
116797 4 24365 498 32 87 48 15 5 34 9243 1191 1054 14 23062 45 19
116847 4 26200 523 34 90 49 16 5 37 9439 1228 1087 15 24804 47 20
116897 4 26200 537 34 92 51 16 5 37 9439 1261 1120 15 24804 47 20
116947 4 26200 545 34 93 52 16 5 37 9439 1283 1142 15 24804 47 20
116997 4 26489 561 34 97 52 16 5 38 9455 1322 1179 16 25093 49 23
117047 4 26489 568 34 97 53 16 5 38 9455 1345 1202 16 25093 49 23
117097 4 26489 575 34 97 54 16 5 38 9455 1367 1224 16 25093 49 23
117149 4 26489 583 34 98 55 16 5 38 9455 1390 1247 16 25093 49 23
117199 4 26490 594 34 99 56 16 5 39 9456 1414 1270 16 25093 49 23
117249 4 26491 611 34 102 60 16 5 40 9457 1460 1315 16 25093 49 23
117299 4 26491 623 34 103 61 16 5 40 9457 1484 1339 16 25093 49 23
117349 4 26491 630 34 104 62 16 5 40 9457 1506 1361 16 25093 49 23
117399 4 26492 649 34 105 65 16 5 41 9458 1542 1396 16 25093 49 23
117449 4 26495 668 34 106 67 16 5 42 9459 1581 1434 16 25093 49 23
117501 4 26495 674 34 106 68 16 5 42 9459 1605 1458 16 25093 49 23
117553 4 26495 683 34 106 69 16 5 42 9459 1628 1481 16 25093 49 23
117603 4 26495 690 34 107 70 16 5 42 9459 1650 1503 16 25093 49 23
117655 4 26495 698 34 108 71 16 5 42 9459 1673 1526 16 25093 49 23
117707 4 26495 706 34 108 72 16 5 42 9459 1696 1549 16 25093 49 23
117759 4 26495 714 34 108 73 16 5 42 9459 1719 1572 16 25093 49 23
117811 4 26495 722 34 109 74 16 5 42 9459 1742 1595 16 25093 49 23
117863 4 26495 731 34 109 75 16 5 42 9459 1765 1618 16 25093 49 23
117913 4 26495 737 34 110 76 16 5 42 9459 1787 1640 16 25093 49 23
117963 4 26495 744 34 111 78 16 5 42 9459 1809 1662 16 25093 49 23
118013 4 26505 778 34 115 80 16 5 46 9463 1852 1701 16 25093 49 23
118063 4 26507 803 34 118 83 16 5 48 9465 1895 1742 16 25093 49 23
118115 4 26507 814 34 118 84 16 5 48 9465 1919 1766 16 25093 49 23
118166 4 26508 827 34 119 87 16 5 49 9466 1954 1800 16 25093 49 23
118216 4 26739 847 34 122 90 17 5 52 9469 1999 1841 16 25093 49 23
118266 4 27101 865 35 129 93 17 5 53 12021 2041 1880 17 25455 53 27
118316 4 27101 872 35 130 94 17 5 53 12021 2066 1905 17 25455 53 27
118366 4 27101 881 35 130 96 17 5 53 12021 2088 1927 17 25455 53 27
118416 4 27101 888 35 130 97 17 5 53 12021 2110 1949 17 25455 53 27
118468 4 27101 896 35 130 98 17 5 53 12021 2133 1972 17 25455 53 27
118518 4 27103 910 35 133 101 17 5 55 12023 2175 2012 17 25455 53 27
118569 4 27105 932 35 135 105 17 5 57 12025 2223 2058 17 25455 53 27
118619 4 27105 942 35 135 108 17 5 57 12025 2251 2086 17 25455 53 27
118671 4 27105 950 35 135 109 17 5 57 12025 2274 2109 17 25455 53 27
