# cols t where got pump parse flush keys nscroll tscroll nflush ncells reads e1e bursts bbytes bcs breads
# snapshots=70 every=50cs drain=1024 rmax=64 fastmv=-1
349670 4 0 1 0 1 0 0 0 1 1 1 1 0 0 0 0
349720 4 349 24 0 2 4 0 0 2 37 52 46 1 349 5 7
349771 4 349 35 0 3 5 0 0 2 37 77 71 1 349 5 7
349821 4 349 42 0 3 6 0 0 2 37 99 93 1 349 5 7
349871 4 349 51 0 3 7 0 0 2 37 121 115 1 349 5 7
349921 4 349 59 0 3 8 0 0 2 37 143 137 1 349 5 7
349971 4 349 65 0 3 10 0 0 2 37 165 159 1 349 5 7
350021 4 349 75 0 3 11 0 0 2 37 187 181 1 349 5 7
350071 4 349 83 0 3 12 0 0 2 37 209 203 1 349 5 7
350121 4 350 93 0 5 13 0 0 3 38 237 230 1 349 5 7
350171 4 351 108 0 7 16 0 0 4 39 279 271 1 349 5 7
350222 4 351 114 0 8 17 0 0 4 39 302 294 1 349 5 7
350272 4 351 121 0 8 19 0 0 4 39 324 316 1 349 5 7
350322 4 662 138 0 10 19 0 0 6 82 355 341 2 649 10 13
350377 4 1562 168 3 14 21 0 0 9 653 412 383 5 1549 25 31
350427 4 1862 192 3 17 24 0 0 10 840 463 429 6 1849 30 37
350477 4 2548 212 4 20 25 0 0 11 1047 503 458 7 2535 39 49
350529 4 2548 226 4 22 28 0 0 11 1047 536 491 7 2535 39 49
350581 4 2548 234 4 23 30 0 0 11 1047 559 514 7 2535 39 49
350631 4 2548 242 4 24 31 0 0 11 1047 581 536 7 2535 39 49
350681 4 2548 250 4 24 32 0 0 11 1047 603 558 7 2535 39 49
350731 4 2550 269 4 26 32 0 0 13 1049 638 591 7 2535 39 49
350781 4 2550 287 4 26 34 0 0 13 1049 676 629 7 2535 39 49
350833 4 2550 296 4 27 34 0 0 13 1049 699 652 7 2535 39 49
350883 4 2550 303 4 28 35 0 0 13 1049 721 674 7 2535 39 49
350935 4 2550 311 4 29 36 0 0 13 1049 744 697 7 2535 39 49
350989 4 3151 352 4 32 37 0 0 16 1067 773 715 9 3125 74 61
351040 4 3151 369 4 32 40 0 0 16 1067 814 756 9 3125 74 61
351090 4 3151 376 4 32 41 0 0 16 1067 836 778 9 3125 74 61
351140 4 3151 385 4 32 41 0 0 16 1067 858 800 9 3125 74 61
351191 4 3153 400 4 35 42 0 0 18 1069 900 840 9 3125 74 61
351242 4 3153 409 4 35 45 0 0 18 1069 929 869 9 3125 74 61
351298 4 4064 441 4 41 46 0 0 21 1529 986 910 11 4025 86 78
351374 4 5152 492 7 46 49 0 0 22 2229 1032 939 12 5113 127 95
351437 4 5864 528 19 51 49 6 9 24 2680 1079 974 13 5713 146 106
351487 4 6764 565 43 55 51 18 29 26 2970 1111 991 15 6613 179 123
351537 4 6972 585 43 57 53 18 29 27 2986 1158 1034 15 6613 179 123
351589 4 6972 593 43 58 55 18 29 27 2986 1182 1058 15 6613 179 123
351641 4 6972 603 43 58 56 18 29 27 2986 1205 1081 15 6613 179 123
351691 4 6972 610 43 59 57 18 29 27 2986 1227 1103 15 6613 179 123
351741 4 6972 619 43 59 58 18 29 27 2986 1249 1125 15 6613 179 123
351793 4 6972 627 43 60 59 18 29 27 2986 1272 1148 15 6613 179 123
351843 4 6974 644 43 63 62 18 29 29 2988 1310 1184 15 6613 179 123
351893 4 6985 661 45 65 65 19 31 30 3008 1349 1222 15 6613 179 123
351969 4 8673 728 89 70 66 43 75 32 3949 1382 1228 17 8301 244 151
352077 4 10585 831 141 75 66 71 125 34 4802 1414 1229 19 10213 346 183
352128 4 10793 854 141 76 66 71 125 35 4818 1461 1272 19 10213 346 183
352178 4 10793 867 141 77 66 71 125 35 4818 1484 1295 19 10213 346 183
352228 4 10793 875 141 78 67 71 125 35 4818 1506 1317 19 10213 346 183
352278 4 10793 884 141 79 68 71 125 35 4818 1528 1339 19 10213 346 183
352328 4 10793 891 141 79 70 71 125 35 4818 1550 1361 19 10213 346 183
352378 4 10793 899 141 79 71 71 125 35 4818 1572 1383 19 10213 346 183
352428 4 10793 906 141 79 72 71 125 35 4818 1594 1405 19 10213 346 183
352478 4 10793 916 141 79 73 71 125 35 4818 1616 1427 19 10213 346 183
352528 4 10793 924 141 80 74 71 125 35 4818 1638 1449 19 10213 346 183
352580 4 10793 932 141 80 75 71 125 35 4818 1661 1472 19 10213 346 183
352630 4 10793 941 141 81 75 71 125 35 4818 1683 1494 19 10213 346 183
352680 4 10793 948 141 82 76 71 125 35 4818 1705 1516 19 10213 346 183
352732 4 10793 957 141 82 76 71 125 35 4818 1728 1539 19 10213 346 183
352782 4 10793 964 141 82 77 71 125 35 4818 1750 1561 19 10213 346 183
352834 4 10793 972 141 82 78 71 125 35 4818 1773 1584 19 10213 346 183
352884 4 10793 980 141 83 79 71 125 35 4818 1795 1606 19 10213 346 183
352934 4 10793 987 141 83 80 71 125 35 4818 1817 1628 19 10213 346 183
352986 4 10793 996 141 84 82 71 125 35 4818 1840 1651 19 10213 346 183
353036 4 10793 1006 141 84 83 71 125 35 4818 1862 1673 19 10213 346 183
353086 4 10793 1014 141 84 83 71 125 35 4818 1884 1695 19 10213 346 183
353138 4 10793 1022 141 84 84 71 125 35 4818 1907 1718 19 10213 346 183
353188 4 10793 1031 141 85 84 71 125 35 4818 1929 1740 19 10213 346 183
353240 4 10793 1039 141 85 85 71 125 35 4818 1952 1763 19 10213 346 183
353292 4 10793 1047 141 86 86 71 125 35 4818 1975 1786 19 10213 346 183
