# cols t where got pump parse flush keys nscroll tscroll nflush ncells reads e1e bursts bbytes bcs breads
# snapshots=437 every=50cs drain=1024 rmax=64 fastmv=-1
391640 4 0 1 0 1 0 0 0 1 1 187 146 0 0 0 0
391690 4 857 28 2 8 1 0 0 4 482 234 181 1 568 3 2
391740 4 857 36 2 10 3 0 0 4 482 264 211 1 568 3 2
391790 4 857 44 2 12 4 0 0 4 482 286 233 1 568 3 2
391840 4 857 53 2 13 5 0 0 4 482 308 255 1 568 3 2
391890 4 857 61 2 13 7 0 0 4 482 330 277 1 568 3 2
391940 4 857 68 2 14 8 0 0 4 482 352 299 1 568 3 2
391992 4 857 77 2 15 9 0 0 4 482 375 322 1 568 3 2
392042 4 857 85 2 15 10 0 0 4 482 397 344 1 568 3 2
392094 4 857 93 2 17 11 0 0 4 482 420 367 1 568 3 2
392144 4 857 100 2 18 13 0 0 4 482 442 389 1 568 3 2
392194 4 859 112 3 22 15 0 0 6 484 477 422 1 568 3 2
392245 4 1089 133 3 24 20 0 0 8 486 517 449 1 568 3 2
392297 4 4327 147 9 34 20 6 1 9 2576 533 459 2 3806 10 3
392347 4 4678 169 9 36 20 6 1 10 2592 573 497 3 4157 12 6
392398 4 4678 179 9 36 20 6 1 10 2592 596 520 3 4157 12 6
392448 4 4678 187 9 37 21 6 1 10 2592 618 542 3 4157 12 6
392498 4 4678 195 9 38 23 6 1 10 2592 640 564 3 4157 12 6
392550 4 4678 203 9 38 24 6 1 10 2592 663 587 3 4157 12 6
392600 4 4678 212 9 38 26 6 1 10 2592 685 609 3 4157 12 6
392652 4 4678 220 9 38 27 6 1 10 2592 708 632 3 4157 12 6
392702 4 4679 232 9 40 30 6 1 11 2593 736 659 3 4157 12 6
392754 4 4680 249 9 41 31 6 1 12 2594 781 703 3 4157 12 6
392805 4 4682 267 9 44 34 6 1 14 2596 821 741 3 4157 12 6
392856 4 4682 279 9 44 35 6 1 14 2596 844 764 3 4157 12 6
392906 4 4682 287 9 45 36 6 1 14 2596 866 786 3 4157 12 6
392956 4 4912 300 10 49 39 7 2 16 2598 904 821 3 4157 12 6
393006 4 5898 322 14 63 40 7 2 20 5347 940 847 6 5070 19 12
393056 4 7508 342 16 69 43 7 2 23 5966 971 868 8 6474 25 16
393107 4 7508 355 16 71 45 7 2 23 5966 1010 907 8 6474 25 16
393157 4 10762 373 21 83 47 7 2 29 7113 1034 916 14 9728 39 29
393207 4 10762 386 21 84 49 7 2 29 7113 1071 953 14 9728 39 29
393257 4 11939 397 22 88 49 7 2 31 7512 1093 970 16 10905 45 34
393310 4 16614 426 33 96 49 8 6 33 9100 1124 990 18 15580 60 38
393360 4 16689 448 33 99 50 8 6 34 9106 1161 1016 18 15580 60 38
393410 4 16689 459 33 99 50 8 6 34 9106 1184 1039 18 15580 60 38
393460 4 16689 467 33 101 51 8 6 34 9106 1206 1061 18 15580 60 38
393510 4 16689 475 33 102 52 8 6 34 9106 1228 1083 18 15580 60 38
393560 4 16689 483 33 102 53 8 6 34 9106 1250 1105 18 15580 60 38
393610 4 16689 491 33 102 54 8 6 34 9106 1272 1127 18 15580 60 38
393662 4 16689 500 33 102 54 8 6 34 9106 1295 1150 18 15580 60 38
393712 4 16689 508 33 103 56 8 6 34 9106 1317 1172 18 15580 60 38
393772 4 20784 524 39 111 57 8 6 35 10407 1337 1189 19 19675 67 39
393822 4 24806 550 48 118 58 11 10 36 11753 1366 1199 20 23697 77 40
393872 4 24806 565 48 119 59 11 10 36 11753 1396 1229 20 23697 77 40
393922 4 24806 573 48 120 60 11 10 36 11753 1418 1251 20 23697 77 40
393972 4 24806 580 48 121 61 11 10 36 11753 1440 1273 20 23697 77 40
394022 4 24806 589 48 121 62 11 10 36 11753 1462 1294 20 23697 77 40
394072 4 28976 610 54 129 65 12 11 38 12908 1488 1308 21 27792 84 41
394124 4 28976 623 54 129 66 12 11 38 12908 1516 1332 21 27792 84 41
394174 4 28976 633 54 129 66 12 11 38 12908 1538 1354 21 27792 84 41
394226 4 28976 641 54 131 67 12 11 38 12908 1561 1377 21 27792 84 41
394276 4 37093 674 74 140 68 17 18 40 14390 1574 1377 23 35909 106 43
394326 4 37093 685 74 142 71 17 18 40 14390 1613 1416 23 35909 106 43
394376 4 37093 692 74 143 72 17 18 40 14390 1635 1438 23 35909 106 43
394428 4 37093 701 74 144 73 17 18 40 14390 1658 1461 23 35909 106 43
394480 4 37093 710 74 145 74 17 18 40 14390 1681 1484 23 35909 106 43
394530 4 37093 717 74 145 75 17 18 40 14390 1703 1506 23 35909 106 43
394582 4 37093 726 74 146 76 17 18 40 14390 1726 1529 23 35909 106 43
394632 4 37868 741 75 163 78 17 18 41 18957 1748 1544 24 36684 109 45
394683 4 37868 752 75 164 78 17 18 41 18957 1779 1575 24 36684 109 45
394735 4 37868 761 75 165 79 17 18 41 18957 1802 1598 24 36684 109 45
394785 4 37868 768 75 165 81 17 18 41 18957 1824 1620 24 36684 109 45
394835 4 37869 781 75 166 82 17 18 42 18958 1853 1648 24 36684 109 45
394885 4 37870 793 75 167 85 17 18 43 18959 1889 1683 24 36684 109 45
394936 4 37872 812 75 169 87 17 18 45 18961 1934 1726 24 36684 109 45
394987 4 37872 823 75 169 87 17 18 45 18961 1959 1751 24 36684 109 45
395037 4 37883 832 75 170 88 18 18 46 18962 1983 1774 24 36684 109 45
395087 4 38102 848 75 173 90 18 18 47 18963 2028 1817 24 36684 109 45
395138 4 38102 855 75 174 91 18 18 47 18963 2052 1841 24 36684 109 45
395188 4 38102 863 75 176 92 18 18 47 18963 2074 1863 24 36684 109 45
395240 4 38140 872 77 183 93 18 18 48 21353 2094 1881 24 36684 109 45
395296 4 46060 897 86 198 93 18 18 50 25494 2123 1896 26 44604 120 47
395346 4 46060 911 86 198 94 18 18 50 25494 2162 1935 26 44604 120 47
395398 4 46060 919 86 199 96 18 18 50 25494 2185 1958 26 44604 120 47
395450 4 46060 927 86 199 97 18 18 50 25494 2208 1981 26 44604 120 47
395502 4 46060 936 86 200 98 18 18 50 25494 2231 2004 26 44604 120 47
395552 4 46060 944 86 200 99 18 18 50 25494 2253 2026 26 44604 120 47
395604 4 46060 952 86 202 100 18 18 50 25494 2276 2049 26 44604 120 47
395656 4 46060 961 86 203 101 18 18 50 25494 2299 2072 26 44604 120 47
395706 4 46060 969 86 203 102 18 18 50 25494 2321 2094 26 44604 120 47
395758 4 46060 977 86 205 103 18 18 50 25494 2344 2117 26 44604 120 47
395811 4 50155 990 91 209 105 18 18 51 26605 2363 2132 27 48699 126 48
395861 4 54523 1012 96 217 107 18 18 53 27615 2396 2150 29 53067 133 51
395912 4 58347 1029 101 220 110 18 18 54 28087 2434 2182 30 56891 138 52
395962 4 58347 1037 101 221 111 18 18 54 28087 2458 2206 30 56891 138 52
396012 4 58347 1044 101 223 112 18 18 54 28087 2480 2228 30 56891 138 52
396064 4 62715 1060 105 228 112 18 18 56 28396 2499 2238 32 61259 145 55
396114 4 63753 1078 106 229 113 18 18 57 28665 2538 2273 33 62297 147 56
396164 4 63753 1089 106 230 114 18 18 57 28665 2561 2296 33 62297 147 56
396214 4 63753 1097 106 231 115 18 18 57 28665 2583 2318 33 62297 147 56
396264 4 63753 1105 106 231 116 18 18 57 28665 2605 2340 33 62297 147 56
396314 4 63753 1113 106 231 116 18 18 57 28665 2627 2362 33 62297 147 56
396364 4 63753 1121 106 233 117 18 18 57 28665 2649 2384 33 62297 147 56
396414 4 63753 1129 106 234 118 18 18 57 28665 2671 2406 33 62297 147 56
396464 4 63753 1137 106 234 119 18 18 57 28665 2693 2428 33 62297 147 56
396516 4 63753 1146 106 235 120 18 18 57 28665 2716 2451 33 62297 147 56
396566 4 63753 1153 106 235 122 18 18 57 28665 2738 2473 33 62297 147 56
396618 4 63753 1162 106 236 123 18 18 57 28665 2761 2496 33 62297 147 56
396668 4 63753 1170 106 236 124 18 18 57 28665 2783 2518 33 62297 147 56
396720 4 63753 1178 106 238 125 18 18 57 28665 2806 2541 33 62297 147 56
396772 4 63753 1186 106 239 126 18 18 57 28665 2829 2564 33 62297 147 56
396822 4 63753 1194 106 239 126 18 18 57 28665 2851 2586 33 62297 147 56
396874 4 63753 1202 106 241 127 18 18 57 28665 2874 2609 33 62297 147 56
396926 4 63753 1211 106 242 128 18 18 57 28665 2897 2632 33 62297 147 56
396976 4 63753 1219 106 242 129 18 18 57 28665 2919 2654 33 62297 147 56
397028 4 63753 1227 106 244 130 18 18 57 28665 2942 2677 33 62297 147 56
397080 4 63753 1236 106 244 131 18 18 57 28665 2965 2700 33 62297 147 56
397132 4 63753 1245 106 245 132 18 18 57 28665 2988 2723 33 62297 147 56
397182 4 63753 1254 106 245 132 18 18 57 28665 3010 2745 33 62297 147 56
397232 4 63753 1261 106 246 134 18 18 57 28665 3032 2767 33 62297 147 56
397284 4 63753 1270 106 247 135 18 18 57 28665 3055 2790 33 62297 147 56
397334 4 63753 1277 106 248 137 18 18 57 28665 3077 2812 33 62297 147 56
397386 4 63753 1285 106 249 138 18 18 57 28665 3100 2835 33 62297 147 56
397438 4 63753 1294 106 250 139 18 18 57 28665 3123 2858 33 62297 147 56
397488 4 63753 1302 106 250 140 18 18 57 28665 3145 2880 33 62297 147 56
397540 4 63753 1310 106 252 141 18 18 57 28665 3168 2903 33 62297 147 56
397592 4 63753 1319 106 253 142 18 18 57 28665 3191 2926 33 62297 147 56
397642 4 63753 1327 106 253 142 18 18 57 28665 3213 2948 33 62297 147 56
397692 4 64032 1345 106 257 146 18 18 59 28666 3251 2984 33 62297 147 56
397743 4 64032 1362 106 257 147 18 18 59 28666 3288 3021 33 62297 147 56
397793 4 64032 1369 106 257 148 18 18 59 28666 3310 3043 33 62297 147 56
397845 4 64032 1378 106 257 149 18 18 59 28666 3333 3066 33 62297 147 56
397895 4 64032 1386 106 257 150 18 18 59 28666 3355 3088 33 62297 147 56
397947 4 64032 1394 106 258 151 18 18 59 28666 3378 3111 33 62297 147 56
397999 4 64032 1403 106 258 152 18 18 59 28666 3401 3134 33 62297 147 56
398049 4 64032 1411 106 258 153 18 18 59 28666 3423 3156 33 62297 147 56
398101 4 64032 1419 106 260 154 18 18 59 28666 3446 3179 33 62297 147 56
398153 4 64032 1428 106 260 155 18 18 59 28666 3469 3202 33 62297 147 56
398203 4 64104 1444 106 261 157 18 18 60 28683 3506 3237 33 62297 147 56
398253 4 64104 1454 106 261 158 18 18 60 28683 3531 3262 33 62297 147 56
398305 4 64104 1463 106 262 159 18 18 60 28683 3554 3285 33 62297 147 56
398355 4 64104 1470 106 262 160 18 18 60 28683 3576 3307 33 62297 147 56
398407 4 64104 1480 106 263 160 18 18 60 28683 3599 3330 33 62297 147 56
398457 4 64104 1487 106 263 162 18 18 60 28683 3621 3352 33 62297 147 56
398509 4 64104 1496 106 264 162 18 18 60 28683 3644 3375 33 62297 147 56
398561 4 64104 1505 106 265 163 18 18 60 28683 3667 3398 33 62297 147 56
398611 4 64104 1512 106 266 164 18 18 60 28683 3689 3420 33 62297 147 56
398663 4 64104 1520 106 266 165 18 18 60 28683 3712 3443 33 62297 147 56
398713 4 64104 1527 106 266 167 18 18 60 28683 3734 3465 33 62297 147 56
398765 4 64104 1535 106 266 168 18 18 60 28683 3757 3488 33 62297 147 56
398817 4 64104 1544 106 267 169 18 18 60 28683 3780 3511 33 62297 147 56
398869 4 64104 1552 106 268 170 18 18 60 28683 3803 3534 33 62297 147 56
398919 4 64104 1559 106 268 171 18 18 60 28683 3825 3556 33 62297 147 56
398971 4 64104 1567 106 270 172 18 18 60 28683 3848 3579 33 62297 147 56
399023 4 64104 1576 106 270 173 18 18 60 28683 3871 3602 33 62297 147 56
399073 4 64104 1584 106 270 174 18 18 60 28683 3893 3624 33 62297 147 56
399125 4 64104 1592 106 272 175 18 18 60 28683 3916 3647 33 62297 147 56
399177 4 64104 1601 106 272 176 18 18 60 28683 3939 3670 33 62297 147 56
399227 4 64104 1609 106 272 177 18 18 60 28683 3961 3692 33 62297 147 56
399279 4 64104 1617 106 274 178 18 18 60 28683 3984 3715 33 62297 147 56
399331 4 64104 1626 106 274 179 18 18 60 28683 4007 3738 33 62297 147 56
399381 4 64104 1632 106 274 181 18 18 60 28683 4029 3760 33 62297 147 56
399433 4 64104 1641 106 274 182 18 18 60 28683 4052 3783 33 62297 147 56
399483 4 64477 1662 106 278 184 20 18 64 28699 4098 3823 34 62586 149 59
399533 4 65563 1689 109 283 186 23 20 68 28747 4146 3860 36 63578 155 67
399583 4 65563 1709 109 283 188 23 20 68 28747 4184 3898 36 63578 155 67
399635 4 65563 1717 109 283 189 23 20 68 28747 4207 3921 36 63578 155 67
399687 4 65563 1725 109 284 190 23 20 68 28747 4230 3944 36 63578 155 67
399739 4 65563 1734 109 284 191 23 20 68 28747 4253 3967 36 63578 155 67
399791 4 65563 1743 109 285 192 23 20 68 28747 4276 3990 36 63578 155 67
399841 4 65918 1755 109 287 194 23 20 69 28767 4307 4017 37 63933 157 71
399891 4 65918 1772 109 287 195 23 20 69 28767 4338 4048 37 63933 157 71
399941 4 65918 1779 109 287 196 23 20 69 28767 4360 4070 37 63933 157 71
399993 4 65918 1787 109 288 197 23 20 69 28767 4383 4093 37 63933 157 71
400045 4 65918 1796 109 288 198 23 20 69 28767 4406 4116 37 63933 157 71
400095 4 65918 1804 109 288 199 23 20 69 28767 4428 4138 37 63933 157 71
400145 4 65919 1817 109 291 201 23 20 70 28767 4456 4165 37 63933 157 71
400195 4 65922 1839 109 294 204 23 20 73 28767 4507 4213 37 63933 157 71
400246 4 65923 1855 109 295 208 23 20 74 28767 4547 4252 37 63933 157 71
400297 4 65923 1864 109 295 208 23 20 74 28767 4570 4275 37 63933 157 71
400347 4 65924 1878 109 297 210 23 20 75 28767 4606 4310 37 63933 157 71
400397 4 65924 1885 109 298 212 23 20 75 28767 4631 4335 37 63933 157 71
400447 4 65925 1898 109 299 215 23 20 76 28768 4660 4363 37 63933 157 71
400498 4 65925 1911 109 300 218 23 20 76 28768 4692 4395 37 63933 157 71
400548 4 65926 1928 109 303 219 23 20 77 28769 4730 4432 37 63933 157 71
400598 4 65926 1939 109 304 220 23 20 77 28769 4753 4455 37 63933 157 71
400650 4 65926 1948 109 304 221 23 20 77 28769 4776 4478 37 63933 157 71
400701 4 65937 1969 110 306 223 24 21 79 28769 4820 4520 37 63933 157 71
400752 4 65937 1979 110 307 224 24 21 79 28769 4845 4545 37 63933 157 71
400802 4 65937 1988 110 307 225 24 21 79 28769 4867 4567 37 63933 157 71
400852 4 66194 2004 110 310 228 24 21 80 28769 4900 4595 38 64190 159 73
400902 4 78482 2028 125 330 229 24 21 84 34304 4915 4600 42 76478 177 78
400953 4 78482 2049 125 331 230 24 21 84 34304 4951 4631 42 76478 177 78
401003 4 78482 2057 125 331 231 24 21 84 34304 4973 4653 42 76478 177 78
401055 4 78482 2065 125 333 232 24 21 84 34304 4996 4676 42 76478 177 78
401107 4 78482 2074 125 333 233 24 21 84 34304 5019 4699 42 76478 177 78
401157 4 87016 2101 135 342 236 24 21 87 35776 5040 4707 45 85012 191 82
401207 4 90769 2120 139 346 237 24 21 88 36079 5081 4745 46 88765 196 83
401257 4 90769 2130 139 347 238 24 21 88 36079 5106 4770 46 88765 196 83
401307 4 90769 2138 139 348 240 24 21 88 36079 5128 4792 46 88765 196 83
401357 4 90769 2147 139 348 240 24 21 88 36079 5150 4812 46 88765 196 83
401407 4 95208 2164 144 357 242 24 21 90 37431 5166 4818 48 93204 205 86
401457 4 96339 2184 146 360 244 24 21 92 37591 5213 4862 49 94269 207 87
401509 4 96339 2193 146 360 245 24 21 92 37591 5239 4888 49 94269 207 87
401559 4 96405 2206 146 361 248 24 21 93 37592 5275 4923 49 94269 207 87
401610 4 96405 2215 146 361 249 24 21 93 37592 5301 4949 49 94269 207 87
401660 4 96471 2230 146 364 252 24 21 94 37593 5337 4982 49 94269 207 87
401713 4 107151 2258 159 372 252 24 21 97 38230 5364 4998 52 104949 223 90
401763 4 107151 2275 159 373 253 24 21 97 38230 5403 5037 52 104949 223 90
401813 4 107151 2284 159 374 254 24 21 97 38230 5425 5059 52 104949 223 90
401863 4 107151 2291 159 374 255 24 21 97 38230 5447 5081 52 104949 223 90
401914 4 108644 2305 162 377 258 24 21 99 38312 5483 5114 53 106310 225 91
401964 4 108710 2314 162 379 259 24 21 100 38313 5512 5142 53 106310 225 91
402016 4 108710 2325 162 381 261 24 21 100 38313 5548 5178 53 106310 225 91
402066 4 108776 2338 162 382 262 24 21 101 38314 5576 5205 53 106310 225 91
402117 4 108776 2346 162 383 265 24 21 101 38314 5610 5239 53 106310 225 91
402167 4 108842 2356 162 384 267 24 21 102 38315 5638 5266 53 106310 225 91
402218 4 108842 2376 162 385 270 24 21 102 38315 5672 5300 53 106310 225 91
402268 4 108908 2388 162 388 271 24 21 103 38316 5701 5328 53 106310 225 91
402320 4 108908 2406 162 389 271 24 21 103 38316 5734 5361 53 106310 225 91
402370 4 108974 2417 162 392 272 24 21 104 38317 5763 5389 53 106310 225 91
402421 4 108974 2424 162 394 275 24 21 104 38317 5796 5422 53 106310 225 91
402471 4 109040 2436 162 397 276 24 21 105 38319 5826 5451 53 106310 225 91
402522 4 109040 2445 162 399 278 24 21 105 38319 5858 5483 53 106310 225 91
402572 4 109106 2459 162 400 279 24 21 106 38320 5888 5512 53 106310 225 91
402622 4 109106 2474 162 402 281 24 21 106 38320 5919 5543 53 106310 225 91
402676 4 115343 2496 171 406 281 24 21 109 38451 5941 5557 55 112481 235 93
402727 4 119438 2517 176 409 284 24 21 110 38710 5977 5590 56 116576 241 94
402777 4 121357 2535 178 412 284 24 21 112 38766 6009 5619 57 118429 244 95
402827 4 121357 2547 178 412 286 24 21 112 38766 6038 5648 57 118429 244 95
402877 4 121423 2559 178 413 288 24 21 113 38767 6072 5681 57 118429 244 95
402928 4 121423 2566 178 414 290 24 21 113 38767 6100 5709 57 118429 244 95
402979 4 121489 2583 178 416 290 24 21 114 38768 6134 5742 57 118429 244 95
403030 4 121489 2596 178 417 290 24 21 114 38768 6162 5770 57 118429 244 95
403080 4 121555 2609 178 419 292 24 21 115 38769 6197 5804 57 118429 244 95
403131 4 121555 2619 178 420 295 24 21 115 38769 6224 5831 57 118429 244 95
403182 4 121621 2633 178 422 298 24 21 116 38770 6259 5865 57 118429 244 95
403233 4 121621 2646 178 422 301 24 21 116 38770 6286 5892 57 118429 244 95
403284 4 121687 2662 178 423 302 24 21 117 38771 6322 5927 57 118429 244 95
403334 4 121687 2675 178 423 302 24 21 117 38771 6348 5953 57 118429 244 95
403384 4 121753 2691 178 425 303 24 21 118 38772 6384 5988 57 118429 244 95
403436 4 121753 2700 178 425 304 24 21 118 38772 6410 6014 57 118429 244 95
403486 4 121819 2712 178 428 305 24 21 119 38774 6446 6049 57 118429 244 95
403537 4 121819 2721 178 429 307 24 21 119 38774 6472 6075 57 118429 244 95
403587 4 121885 2734 178 433 309 24 21 120 38775 6508 6110 57 118429 244 95
403639 4 121885 2747 178 433 309 24 21 120 38775 6534 6136 57 118429 244 95
403690 4 126047 2769 184 435 311 24 21 122 38843 6566 6162 58 122525 250 96
403741 4 134124 2796 196 441 313 24 21 125 39110 6602 6191 61 130602 264 99
403791 4 134190 2814 196 443 313 24 21 126 39111 6644 6232 61 130602 264 99
403841 4 134190 2824 196 443 314 24 21 126 39111 6668 6256 61 130602 264 99
403891 4 134256 2839 196 444 317 24 21 127 39112 6705 6292 61 130602 264 99
403943 4 134256 2845 196 444 318 24 21 127 39112 6730 6317 61 130602 264 99
403993 4 134322 2860 196 446 319 24 21 128 39113 6768 6354 61 130602 264 99
404044 4 134322 2867 196 448 321 24 21 128 39113 6792 6378 61 130602 264 99
404094 4 134388 2883 196 449 324 24 21 129 39114 6830 6415 61 130602 264 99
404146 4 134388 2894 196 450 325 24 21 129 39114 6854 6439 61 130602 264 99
404195 4 134454 2910 196 451 327 24 21 130 39115 6892 6476 61 130602 264 99
404245 4 134454 2921 196 451 327 24 21 130 39115 6915 6499 61 130602 264 99
404296 4 134520 2935 196 452 328 24 21 131 39116 6954 6537 61 130602 264 99
404346 4 134520 2944 196 453 329 24 21 131 39116 6977 6560 61 130602 264 99
404396 4 134586 2956 196 456 331 24 21 132 39117 7015 6597 61 130602 264 99
404447 4 134586 2963 196 458 333 24 21 132 39117 7039 6621 61 130602 264 99
404497 4 134652 2975 196 460 336 24 21 133 39119 7077 6658 61 130602 264 99
404549 4 134652 2981 196 460 338 24 21 133 39119 7101 6682 61 130602 264 99
404600 4 134718 2998 196 461 341 24 21 134 39120 7140 6720 61 130602 264 99
404650 4 134718 3010 196 462 342 24 21 134 39120 7163 6743 61 130602 264 99
404700 4 139917 3035 203 466 342 24 21 137 39196 7198 6772 63 135735 273 101
404750 4 147023 3060 212 471 344 24 21 139 39379 7233 6801 65 142841 284 103
404801 4 147089 3074 212 474 345 24 21 140 39380 7273 6840 65 142841 284 103
404852 4 147089 3084 212 474 346 24 21 140 39380 7296 6863 65 142841 284 103
404902 4 147155 3097 212 475 347 24 21 141 39381 7335 6901 65 142841 284 103
404969 4 147219 3108 213 493 348 24 21 142 44276 7357 6921 65 142841 284 103
405019 4 147570 3133 213 495 351 24 21 144 44293 7405 6962 66 143130 286 106
405069 4 147570 3143 213 496 352 24 21 144 44293 7433 6990 66 143130 286 106
405121 4 147570 3152 213 496 352 24 21 144 44293 7456 7013 66 143130 286 106
405171 4 147570 3159 213 496 353 24 21 144 44293 7478 7035 66 143130 286 106
405223 4 147570 3167 213 497 354 24 21 144 44293 7501 7058 66 143130 286 106
405275 4 147570 3175 213 497 355 24 21 144 44293 7524 7081 66 143130 286 106
405325 4 147570 3183 213 497 355 24 21 144 44293 7546 7103 66 143130 286 106
405377 4 147570 3191 213 498 356 24 21 144 44293 7569 7126 66 143130 286 106
405429 4 147570 3200 213 498 358 24 21 144 44293 7592 7149 66 143130 286 106
405481 4 147570 3208 213 499 359 24 21 144 44293 7615 7172 66 143130 286 106
405533 4 147571 3216 213 500 361 24 21 145 44294 7638 7194 66 143130 286 106
405583 4 147572 3237 213 502 363 24 21 146 44295 7679 7234 66 143130 286 106
405634 4 147574 3253 213 504 365 24 21 148 44297 7725 7278 66 143130 286 106
405684 4 147574 3262 213 505 367 24 21 148 44297 7750 7303 66 143130 286 106
405734 4 147574 3270 213 506 368 24 21 148 44297 7772 7325 66 143130 286 106
405784 4 147585 3285 213 509 370 25 21 149 44298 7804 7355 66 143130 286 106
405834 4 152204 3307 219 523 370 25 21 152 49224 7831 7368 69 147749 298 112
405884 4 160130 3335 229 532 373 25 21 154 51891 7859 7383 71 155675 308 114
405937 4 164226 3349 233 538 374 25 21 155 52830 7884 7404 72 159771 313 115
405987 4 172417 3381 242 545 376 25 21 158 53653 7916 7421 75 167962 326 119
406039 4 172417 3394 242 545 378 25 21 158 53653 7947 7447 75 167962 326 119
406090 4 180873 3420 251 551 380 25 21 161 54554 7972 7458 78 176418 338 123
406140 4 184704 3444 255 556 382 25 21 162 55080 8011 7488 79 180249 343 124
406191 4 184704 3454 255 557 382 25 21 162 55080 8035 7503 79 180249 343 124
406242 4 189548 3474 259 564 383 25 21 165 55688 8070 7533 82 185093 352 129
406292 4 189652 3493 259 565 383 25 21 166 55689 8109 7571 82 185093 352 129
406343 4 189652 3505 259 565 386 25 21 166 55689 8134 7596 82 185093 352 129
406393 4 189756 3520 259 567 387 25 21 167 55690 8171 7632 82 185093 352 129
406444 4 189756 3529 259 568 388 25 21 167 55690 8196 7657 82 185093 352 129
406494 4 189860 3541 259 569 392 25 21 168 55692 8233 7693 82 185093 352 129
406544 4 189860 3548 259 570 393 25 21 168 55692 8257 7717 82 185093 352 129
406595 4 189964 3565 259 572 395 25 21 169 55693 8295 7754 82 185093 352 129
406645 4 189964 3576 259 574 397 25 21 169 55693 8319 7778 82 185093 352 129
406695 4 190068 3590 259 576 398 25 21 170 55694 8356 7814 82 185093 352 129
406746 4 190068 3599 259 577 399 25 21 170 55694 8381 7839 82 185093 352 129
406796 4 196991 3622 267 581 400 25 21 173 55780 8410 7854 84 191912 361 131
406850 4 206554 3646 276 588 401 25 21 176 56153 8440 7874 87 201475 373 134
406900 4 212090 3670 282 592 404 25 21 179 56386 8478 7904 89 206907 381 136
406952 4 212090 3685 282 593 405 25 21 179 56386 8504 7930 89 206907 381 136
407003 4 212194 3700 282 597 406 25 21 180 56387 8542 7967 89 206907 381 136
407053 4 212194 3711 282 598 406 25 21 180 56387 8566 7991 89 206907 381 136
407104 4 212298 3726 282 601 408 25 21 181 56388 8604 8028 89 206907 381 136
407155 4 212298 3738 282 602 409 25 21 181 56388 8628 8052 89 206907 381 136
407206 4 212402 3754 282 603 410 25 21 182 56389 8667 8090 89 206907 381 136
407256 4 212402 3764 282 604 411 25 21 182 56389 8690 8113 89 206907 381 136
407306 4 212506 3776 282 606 414 25 21 183 56390 8728 8150 89 206907 381 136
407357 4 212506 3783 282 608 416 25 21 183 56390 8752 8174 89 206907 381 136
407407 4 212610 3798 282 610 419 25 21 184 56391 8790 8211 89 206907 381 136
407459 4 212610 3805 282 611 422 25 21 184 56391 8814 8235 89 206907 381 136
407510 4 212714 3822 282 612 423 25 21 185 56394 8853 8273 89 206907 381 136
407560 4 212714 3834 282 612 423 25 21 185 56394 8876 8296 89 206907 381 136
407611 4 212818 3849 282 614 424 25 21 186 56395 8915 8334 89 206907 381 136
407662 4 212818 3859 282 615 425 25 21 186 56395 8938 8357 89 206907 381 136
407712 4 212922 3872 282 616 428 25 21 187 56396 8977 8395 89 206907 381 136
407763 4 212922 3883 282 616 429 25 21 187 56396 9000 8418 89 206907 381 136
407817 4 229409 3916 301 624 430 25 21 193 56619 9025 8425 94 223290 402 141
407868 4 235043 3939 306 628 433 25 21 196 56665 9061 8456 96 228820 409 143
407918 4 235043 3958 306 628 434 25 21 196 56665 9100 8495 96 228820 409 143
407968 4 235147 3968 306 630 435 25 21 197 56666 9124 8518 96 228820 409 143
408019 4 235147 3984 306 631 436 25 21 197 56666 9162 8556 96 228820 409 143
408069 4 235251 3993 306 633 437 25 21 198 56667 9185 8578 96 228820 409 143
408120 4 235251 4009 306 634 438 25 21 198 56667 9224 8617 96 228820 409 143
408170 4 235355 4019 306 635 439 25 21 199 56668 9248 8640 96 228820 409 143
408220 4 235355 4035 306 635 442 25 21 199 56668 9285 8677 96 228820 409 143
408270 4 235459 4044 307 636 443 25 21 200 56669 9309 8700 96 228820 409 143
408321 4 235459 4058 307 636 444 25 21 200 56669 9347 8738 96 228820 409 143
408371 4 235563 4066 308 637 445 25 21 201 56670 9372 8762 96 228820 409 143
408422 4 235563 4079 308 637 446 25 21 201 56670 9409 8799 96 228820 409 143
408472 4 235667 4090 308 638 447 25 21 202 56672 9433 8822 96 228820 409 143
408524 4 235667 4104 308 639 452 25 21 202 56672 9471 8860 96 228820 409 143
408574 4 235771 4116 308 641 452 25 21 203 56673 9498 8886 96 228820 409 143
408625 4 235771 4132 308 642 452 25 21 203 56673 9533 8921 96 228820 409 143
408675 4 235875 4145 308 644 453 25 21 204 56674 9560 8947 96 228820 409 143
408727 4 235875 4156 308 644 456 25 21 204 56674 9595 8982 96 228820 409 143
408778 4 240075 4172 312 646 456 25 21 206 56701 9617 8998 97 232916 414 144
408828 4 252362 4204 324 652 459 25 21 210 56766 9648 9016 101 245203 430 148
408878 4 258144 4232 330 657 459 25 21 213 56873 9692 9056 103 250881 438 150
408928 4 258144 4244 330 657 460 25 21 213 56873 9723 9087 103 250881 438 150
408978 4 258248 4256 330 658 462 25 21 214 56874 9752 9115 103 250881 438 150
409029 4 258248 4269 330 659 463 25 21 214 56874 9785 9148 103 250881 438 150
409079 4 258352 4284 330 660 464 25 21 215 56875 9815 9177 103 250881 438 150
409129 4 258352 4298 330 661 466 25 21 215 56875 9846 9208 103 250881 438 150
409179 4 258456 4310 330 662 467 25 21 216 56876 9877 9238 103 250881 438 150
409230 4 258456 4324 330 662 468 25 21 216 56876 9908 9269 103 250881 438 150
409280 4 258560 4336 330 665 470 25 21 217 56877 9938 9298 103 250881 438 150
409331 4 258560 4346 330 666 470 25 21 217 56877 9970 9330 103 250881 438 150
409381 4 258664 4359 330 668 473 25 21 218 56878 10002 9361 103 250881 438 150
409431 4 258664 4369 330 670 476 25 21 218 56878 10031 9390 103 250881 438 150
409481 4 258768 4383 330 671 477 25 21 219 56880 10062 9420 103 250881 438 150
409532 4 258768 4396 330 671 478 25 21 219 56880 10093 9451 103 250881 438 150
409582 4 258872 4409 330 672 480 25 21 220 56881 10125 9482 103 250881 438 150
409634 4 258872 4418 330 673 482 25 21 220 56881 10155 9512 103 250881 438 150
409684 4 258976 4430 330 675 482 25 21 221 56882 10188 9544 103 250881 438 150
409735 4 258976 4439 330 678 484 25 21 221 56882 10217 9573 103 250881 438 150
409786 4 266232 4459 338 681 485 25 21 224 56943 10238 9586 105 258033 448 152
409836 4 275462 4489 348 686 488 25 21 227 57219 10271 9605 108 267263 460 155
409886 4 281263 4513 353 690 489 25 21 230 57507 10311 9638 110 272960 467 157
409937 4 281263 4523 353 691 490 25 21 230 57507 10339 9666 110 272960 467 157
409987 4 281367 4534 353 693 492 25 21 231 57508 10373 9699 110 272960 467 157
410038 4 281367 4544 353 694 492 25 21 231 57508 10401 9727 110 272960 467 157
410089 4 281471 4556 353 696 496 25 21 232 57509 10436 9761 110 272960 467 157
410140 4 281471 4566 353 697 498 25 21 232 57509 10463 9788 110 272960 467 157
410190 4 281575 4580 353 699 499 25 21 233 57510 10498 9822 110 272960 467 157
410241 4 281575 4590 353 699 500 25 21 233 57510 10525 9849 110 272960 467 157
410291 4 281679 4600 354 703 502 25 21 234 57511 10560 9883 110 272960 467 157
410342 4 281679 4609 354 704 503 25 21 234 57511 10587 9910 110 272960 467 157
410392 4 281783 4620 355 705 505 25 21 235 57512 10623 9945 110 272960 467 157
410444 4 281783 4629 355 705 505 25 21 235 57512 10649 9971 110 272960 467 157
410494 4 281887 4643 355 708 506 25 21 236 57514 10685 10006 110 272960 467 157
410545 4 281887 4655 355 709 508 25 21 236 57514 10711 10032 110 272960 467 157
410595 4 281991 4671 355 711 509 25 21 237 57515 10747 10067 110 272960 467 157
410647 4 281991 4685 355 713 509 25 21 237 57515 10773 10093 110 272960 467 157
410697 4 282095 4700 355 715 509 25 21 238 57516 10810 10129 110 272960 467 157
410748 4 282095 4710 355 716 510 25 21 238 57516 10835 10154 110 272960 467 157
410799 4 289351 4732 362 720 512 25 21 241 57560 10864 10174 112 280112 476 159
410849 4 301638 4761 376 725 515 25 21 245 57654 10893 10188 116 292399 493 163
410900 4 306603 4785 380 729 516 25 21 248 57758 10931 10221 118 297260 502 166
410950 4 306603 4796 380 730 518 25 21 248 57758 10955 10245 118 297260 502 166
411000 4 306707 4809 380 732 519 25 21 249 57759 10992 10281 118 297260 502 166
411050 4 306707 4816 380 733 522 25 21 249 57759 11016 10305 118 297260 502 166
411101 4 310906 4835 385 742 522 25 21 251 59434 11044 10324 119 301355 507 167
411155 4 319098 4861 394 755 524 25 21 254 62865 11074 10340 122 309547 519 170
411206 4 319098 4876 394 756 525 25 21 254 62865 11111 10364 122 309547 519 170
411256 4 325329 4899 401 765 527 25 21 256 64387 11140 10384 124 315778 528 172
411307 4 325329 4914 401 766 528 25 21 256 64387 11176 10420 124 315778 528 172
411357 4 325329 4921 401 766 529 25 21 256 64387 11198 10442 124 315778 528 172
411407 4 325329 4930 401 766 530 25 21 256 64387 11220 10464 124 315778 528 172
411457 4 325329 4938 401 767 532 25 21 256 64387 11242 10486 124 315778 528 172
411507 4 325329 4947 401 768 533 25 21 256 64387 11264 10508 124 315778 528 172
411559 4 325329 4955 401 768 534 25 21 256 64387 11287 10531 124 315778 528 172
411609 4 325329 4962 401 768 536 25 21 256 64387 11309 10553 124 315778 528 172
411661 4 325329 4971 401 769 537 25 21 256 64387 11332 10576 124 315778 528 172
411713 4 325329 4980 401 770 538 25 21 256 64387 11355 10599 124 315778 528 172
411763 4 325329 4987 401 770 539 25 21 256 64387 11377 10621 124 315778 528 172
411813 4 335197 5018 413 775 542 25 21 259 65029 11401 10635 127 325646 542 175
411864 4 335197 5028 413 776 544 25 21 259 65029 11436 10670 127 325646 542 175
411916 4 335197 5036 413 776 544 25 21 259 65029 11459 10693 127 325646 542 175
411968 4 335197 5045 413 776 545 25 21 259 65029 11482 10716 127 325646 542 175
412018 4 335197 5053 413 776 546 25 21 259 65029 11504 10738 127 325646 542 175
412072 4 337917 5065 416 779 547 25 21 260 65122 11525 10756 128 328366 546 176
412122 4 337917 5080 416 779 548 25 21 260 65122 11564 10795 128 328366 546 176
412173 4 340640 5098 419 781 552 25 21 261 65197 11597 10826 129 331089 549 177
412223 4 340640 5112 419 782 552 25 21 261 65197 11623 10852 129 331089 549 177
412273 4 340640 5120 419 784 553 25 21 261 65197 11645 10874 129 331089 549 177
412324 4 340640 5127 419 784 555 25 21 261 65197 11667 10896 129 331089 549 177
412377 4 341075 5141 421 804 555 25 21 264 70334 11692 10912 130 331378 551 180
412427 4 341075 5152 421 804 559 25 21 264 70334 11731 10951 130 331378 551 180
412479 4 341075 5161 421 805 560 25 21 264 70334 11754 10974 130 331378 551 180
412529 4 341075 5170 421 805 560 25 21 264 70334 11776 10996 130 331378 551 180
412579 4 341075 5178 421 806 561 25 21 264 70334 11798 11018 130 331378 551 180
412631 4 341075 5186 421 807 562 25 21 264 70334 11821 11041 130 331378 551 180
412681 4 341075 5193 421 807 564 25 21 264 70334 11843 11063 130 331378 551 180
412733 4 341075 5201 421 808 565 25 21 264 70334 11866 11086 130 331378 551 180
412783 4 341076 5211 421 814 567 25 21 265 70335 11897 11116 130 331378 551 180
412835 4 341079 5232 421 817 573 25 21 268 70338 11945 11161 130 331378 551 180
412885 4 341079 5246 421 819 573 25 21 268 70338 11984 11200 130 331378 551 180
412935 4 341080 5258 421 820 574 25 21 269 70339 12012 11227 130 331378 551 180
412985 4 341082 5279 421 823 579 25 21 271 70341 12058 11271 130 331378 551 180
413036 4 341083 5295 422 826 581 25 21 272 70342 12103 11315 130 331378 551 180
413086 4 341084 5310 422 829 583 25 21 273 70343 12142 11353 130 331378 551 180
413136 4 341314 5329 422 833 586 26 21 276 70346 12186 11390 130 331378 551 180
413186 4 343179 5355 427 846 587 45 25 282 72276 12221 11410 131 332427 557 181
413238 4 343179 5368 427 846 589 45 25 282 72276 12256 11445 131 332427 557 181
413288 4 343818 5387 432 850 590 52 29 285 72545 12290 11469 133 332997 565 191
413338 4 344256 5407 432 851 594 53 29 286 72586 12335 11510 134 333435 569 196
413389 4 344256 5417 432 851 595 53 29 286 72586 12359 11534 134 333435 569 196
413441 4 344256 5426 432 851 596 53 29 286 72586 12382 11557 134 333435 569 196
413491 4 344256 5433 432 852 597 53 29 286 72586 12404 11579 134 333435 569 196
413541 4 344256 5441 432 852 598 53 29 286 72586 12426 11601 134 333435 569 196
413593 4 344256 5450 432 853 599 53 29 286 72586 12449 11624 134 333435 569 196
413645 4 344256 5459 432 854 600 53 29 286 72586 12472 11647 134 333435 569 196
413695 4 344258 5479 432 856 604 53 29 288 72588 12513 11686 134 333435 569 196
413745 4 344260 5493 432 859 605 53 29 290 72590 12557 11728 134 333435 569 196
413795 4 344271 5507 433 865 607 54 30 291 72591 12598 11768 134 333435 569 196
