# cols t where got pump parse flush keys nscroll tscroll nflush ncells reads e1e bursts bbytes bcs breads
# snapshots=118 every=50cs drain=1024 rmax=64 fastmv=-1
23333 4 0 0 0 1 0 0 0 1 1 161 120 0 0 0 0
23383 4 853 24 0 7 2 0 0 4 478 208 155 1 564 2 2
23434 4 853 39 0 8 3 0 0 4 478 242 189 1 564 2 2
23484 4 853 47 0 9 4 0 0 4 478 264 211 1 564 2 2
23534 4 853 54 0 10 5 0 0 4 478 286 233 1 564 2 2
23584 4 853 61 0 11 6 0 0 4 478 308 255 1 564 2 2
23636 4 853 70 0 11 7 0 0 4 478 331 278 1 564 2 2
23688 4 853 79 0 11 9 0 0 4 478 354 301 1 564 2 2
23740 4 853 87 0 11 10 0 0 4 478 377 324 1 564 2 2
23792 4 853 95 0 11 11 0 0 4 478 400 347 1 564 2 2
23844 4 853 103 0 12 12 0 0 4 478 423 370 1 564 2 2
23894 4 853 110 0 12 13 0 0 4 478 445 392 1 564 2 2
23946 4 853 119 0 13 14 0 0 4 478 468 415 1 564 2 2
23996 4 853 127 0 13 16 0 0 4 478 490 437 1 564 2 2
24048 4 853 136 0 13 17 0 0 4 478 513 460 1 564 2 2
24100 4 853 145 0 14 19 0 0 4 478 536 483 1 564 2 2
24152 4 853 154 0 15 20 0 0 4 478 559 506 1 564 2 2
24202 4 853 161 0 15 22 0 0 4 478 581 528 1 564 2 2
24254 4 853 169 0 16 23 0 0 4 478 604 551 1 564 2 2
24306 4 853 177 0 16 24 0 0 4 478 627 574 1 564 2 2
24358 4 853 186 0 17 25 0 0 4 478 650 597 1 564 2 2
24410 4 853 195 0 17 26 0 0 4 478 673 620 1 564 2 2
24460 4 853 203 0 18 27 0 0 4 478 695 642 1 564 2 2
24512 4 853 211 0 18 28 0 0 4 478 718 665 1 564 2 2
24564 4 853 219 0 18 29 0 0 4 478 741 688 1 564 2 2
24616 4 853 228 0 19 29 0 0 4 478 764 711 1 564 2 2
24668 4 853 237 0 20 30 0 0 4 478 787 734 1 564 2 2
24718 4 853 245 0 20 32 0 0 4 478 809 756 1 564 2 2
24768 4 853 252 0 21 34 0 0 4 478 831 778 1 564 2 2
24820 4 853 261 0 21 36 0 0 4 478 854 801 1 564 2 2
24872 4 853 269 0 21 37 0 0 4 478 877 824 1 564 2 2
24922 4 853 277 0 21 38 0 0 4 478 899 846 1 564 2 2
24972 4 854 288 0 23 39 0 0 5 479 923 869 1 564 2 2
25022 4 855 306 0 26 41 0 0 6 480 967 912 1 564 2 2
25072 4 866 318 0 27 44 0 0 7 481 998 942 1 564 2 2
25133 4 4323 338 6 39 45 7 1 9 2572 1033 960 2 3802 8 3
25183 4 4674 361 6 40 47 7 1 10 2588 1073 998 3 4153 10 6
25234 4 4674 369 6 41 49 7 1 10 2588 1096 1021 3 4153 10 6
25284 4 4674 376 6 41 50 7 1 10 2588 1118 1043 3 4153 10 6
25336 4 4674 384 6 42 51 7 1 10 2588 1141 1066 3 4153 10 6
25388 4 4674 393 6 43 52 7 1 10 2588 1164 1089 3 4153 10 6
25440 4 4674 401 6 44 53 7 1 10 2588 1187 1112 3 4153 10 6
25490 4 4674 409 6 44 54 7 1 10 2588 1209 1134 3 4153 10 6
25540 4 4675 419 6 46 56 7 1 11 2589 1231 1155 3 4153 10 6
25590 4 4678 446 6 49 58 7 1 14 2592 1280 1201 3 4153 10 6
25641 4 4679 469 6 51 61 7 1 15 2593 1325 1245 3 4153 10 6
25692 4 4681 488 6 54 64 7 1 17 2595 1364 1282 3 4153 10 6
25743 4 4682 506 6 56 68 7 1 18 2596 1408 1325 3 4153 10 6
25794 4 4683 523 7 58 68 7 1 19 2597 1447 1363 3 4153 10 6
25844 4 4683 529 7 59 70 7 1 19 2597 1470 1386 3 4153 10 6
25894 4 4683 536 7 59 71 7 1 19 2597 1492 1408 3 4153 10 6
25946 4 4683 545 7 60 71 7 1 19 2597 1515 1431 3 4153 10 6
25996 4 4687 563 7 62 72 7 1 20 2599 1551 1466 3 4153 10 6
26046 4 4687 575 7 62 72 7 1 20 2599 1576 1491 3 4153 10 6
26098 4 4687 584 7 62 72 7 1 20 2599 1599 1514 3 4153 10 6
26150 4 4687 594 7 63 73 7 1 20 2599 1622 1537 3 4153 10 6
26201 4 4689 618 7 65 76 7 1 22 2601 1664 1577 3 4153 10 6
26251 4 4689 628 7 65 77 7 1 22 2601 1687 1600 3 4153 10 6
26301 4 4691 642 7 67 82 7 1 24 2603 1720 1631 3 4153 10 6
26353 4 4921 656 8 69 84 8 1 26 2605 1751 1659 3 4153 10 6
26403 4 5549 681 13 74 86 30 4 28 3106 1793 1691 4 4528 14 8
26453 4 6585 706 20 81 88 57 10 31 3936 1829 1717 7 5564 25 14
26505 4 6820 720 21 84 91 63 11 32 4122 1860 1745 7 5564 25 14
26556 4 7068 742 22 85 93 71 12 33 4326 1900 1782 7 5564 25 14
26607 4 7068 752 22 85 94 71 12 33 4326 1923 1805 7 5564 25 14
26659 4 7068 760 22 86 95 71 12 33 4326 1946 1828 7 5564 25 14
26711 4 7068 769 22 87 96 71 12 33 4326 1969 1851 7 5564 25 14
26763 4 7068 778 22 88 97 71 12 33 4326 1992 1874 7 5564 25 14
26813 4 7068 785 22 88 99 71 12 33 4326 2014 1896 7 5564 25 14
26865 4 7068 794 22 89 100 71 12 33 4326 2037 1919 7 5564 25 14
26917 4 7068 803 22 90 102 71 12 33 4326 2060 1942 7 5564 25 14
26967 4 7117 815 23 92 105 74 13 34 4375 2088 1969 7 5564 25 14
27023 4 8089 847 31 98 105 108 17 37 5143 2133 1994 10 6536 47 33
27072 4 9234 876 38 106 106 131 22 40 5813 2177 2021 13 7681 66 51
27123 4 9234 888 38 106 107 131 22 40 5813 2210 2054 13 7681 66 51
27173 4 9234 895 38 107 108 131 22 40 5813 2232 2076 13 7681 66 51
27225 4 9234 904 38 108 109 131 22 40 5813 2255 2099 13 7681 66 51
27277 4 9234 913 38 108 111 131 22 40 5813 2278 2122 13 7681 66 51
27327 4 9234 920 38 108 112 131 22 40 5813 2300 2144 13 7681 66 51
27379 4 9234 929 38 109 113 131 22 40 5813 2323 2167 13 7681 66 51
27431 4 9234 937 38 109 114 131 22 40 5813 2346 2190 13 7681 66 51
27483 4 9234 946 38 110 114 131 22 40 5813 2369 2213 13 7681 66 51
27533 4 9234 954 38 110 115 131 22 40 5813 2391 2235 13 7681 66 51
27585 4 9234 962 38 111 116 131 22 40 5813 2414 2258 13 7681 66 51
27637 4 9234 970 38 111 117 131 22 40 5813 2437 2281 13 7681 66 51
27689 4 9234 979 38 112 118 131 22 40 5813 2460 2304 13 7681 66 51
27741 4 9234 988 38 113 120 131 22 40 5813 2483 2327 13 7681 66 51
27791 4 9234 995 38 113 123 131 22 40 5813 2505 2349 13 7681 66 51
27841 4 9234 1004 38 114 124 131 22 40 5813 2527 2371 13 7681 66 51
27893 4 9234 1013 38 115 125 131 22 40 5813 2550 2394 13 7681 66 51
27945 4 9234 1022 38 115 126 131 22 40 5813 2573 2417 13 7681 66 51
27995 4 9236 1033 38 118 130 131 22 42 5815 2603 2445 13 7681 66 51
28045 4 9238 1063 38 121 132 131 22 44 5817 2651 2491 13 7681 66 51
28095 4 9240 1080 38 123 135 131 22 46 5819 2696 2534 13 7681 66 51
28145 4 9242 1102 38 126 139 131 22 48 5821 2746 2582 13 7681 66 51
28195 4 9242 1112 38 127 140 131 22 48 5821 2774 2610 13 7681 66 51
28245 4 9242 1121 38 128 141 131 22 48 5821 2796 2632 13 7681 66 51
28295 4 9242 1129 38 129 142 131 22 48 5821 2818 2654 13 7681 66 51
28345 4 9253 1140 39 131 144 132 23 49 5822 2843 2678 13 7681 66 51
28396 4 9472 1153 40 132 146 132 23 50 5823 2886 2719 13 7681 66 51
28447 4 10287 1173 42 137 146 140 24 53 6111 2923 2748 14 8068 69 53
28498 4 11013 1195 44 142 150 148 26 54 6428 2964 2782 15 8794 73 55
28548 4 12878 1222 49 147 152 158 27 58 6834 3002 2812 18 10430 83 61
28598 4 12878 1237 49 147 153 158 27 58 6834 3036 2846 18 10430 83 61
28648 4 12878 1245 49 148 154 158 27 58 6834 3058 2868 18 10430 83 61
28700 4 12878 1254 49 148 155 158 27 58 6834 3081 2891 18 10430 83 61
28751 4 13826 1274 50 153 158 158 27 61 6837 3124 2931 21 11378 86 67
28802 4 14148 1295 51 155 162 158 27 62 6838 3172 2978 22 11700 87 69
28853 4 14148 1306 51 156 162 158 27 62 6838 3197 3003 22 11700 87 69
28903 4 14411 1320 51 159 163 161 27 64 6868 3233 3035 22 11700 87 69
28953 4 14762 1342 51 161 165 161 27 66 6885 3279 3078 23 11989 89 72
29005 4 14762 1358 51 161 167 161 27 66 6885 3312 3111 23 11989 89 72
29057 4 14762 1367 51 161 168 161 27 66 6885 3335 3134 23 11989 89 72
29107 4 14763 1378 51 163 171 161 27 67 6886 3362 3160 23 11989 89 72
29157 4 14765 1402 51 165 175 161 27 69 6888 3411 3207 23 11989 89 72
29207 4 14766 1417 51 166 178 161 27 70 6889 3453 3248 23 11989 89 72
29257 4 14766 1426 51 166 179 161 27 70 6889 3476 3271 23 11989 89 72
29308 4 15004 1443 52 169 182 165 28 72 6896 3516 3306 23 11989 89 72
