# cols t where got pump parse flush keys nscroll tscroll nflush ncells reads e1e bursts bbytes bcs breads
# snapshots=217 every=50cs drain=1024 rmax=64 fastmv=-1
1296006 4 0 0 0 1 0 0 0 1 1 1 1 0 0 0 0
1296056 4 349 23 1 3 3 0 0 2 37 51 45 1 349 6 7
1296107 4 349 34 1 4 4 0 0 2 37 76 70 1 349 6 7
1296157 4 349 42 1 4 5 0 0 2 37 98 92 1 349 6 7
1296207 4 349 50 1 4 6 0 0 2 37 120 114 1 349 6 7
1296257 4 349 60 1 4 6 0 0 2 37 142 136 1 349 6 7
1296307 4 349 68 1 5 7 0 0 2 37 164 158 1 349 6 7
1296357 4 349 76 1 5 8 0 0 2 37 186 180 1 349 6 7
1296407 4 349 85 1 5 9 0 0 2 37 208 202 1 349 6 7
1296459 4 349 94 1 5 11 0 0 2 37 231 225 1 349 6 7
1296511 4 349 102 1 5 12 0 0 2 37 254 248 1 349 6 7
1296561 4 349 110 1 5 13 0 0 2 37 276 270 1 349 6 7
1296611 4 349 117 1 5 14 0 0 2 37 298 292 1 349 6 7
1296661 4 349 125 1 5 15 0 0 2 37 320 314 1 349 6 7
1296711 4 349 132 1 6 17 0 0 2 37 342 336 1 349 6 7
1296761 4 351 155 1 8 19 0 0 4 39 384 376 1 349 6 7
1296812 4 351 161 1 8 20 0 0 4 39 409 401 1 349 6 7
1296862 4 351 169 1 9 21 0 0 4 39 431 423 1 349 6 7
1296912 4 662 180 1 12 23 0 0 6 82 460 446 2 649 10 13
1296999 4 1862 238 2 19 26 0 0 9 838 520 486 5 1849 55 36
1297061 4 2617 264 3 21 29 0 0 10 1089 571 525 6 2604 65 49
1297111 4 2617 282 3 21 30 0 0 10 1089 610 564 6 2604 65 49
1297163 4 2617 291 3 21 32 0 0 10 1089 633 587 6 2604 65 49
1297213 4 2617 299 3 21 33 0 0 10 1089 655 609 6 2604 65 49
1297263 4 2618 307 3 22 34 0 0 11 1090 677 630 6 2604 65 49
1297314 4 2619 328 3 23 35 0 0 12 1091 724 676 6 2604 65 49
1297364 4 2930 343 3 27 36 0 0 14 1093 757 703 7 2904 69 55
1297415 4 3221 363 4 30 40 0 0 16 1110 808 748 8 3194 74 61
1297465 4 3524 391 4 33 42 0 0 19 1155 852 785 9 3494 79 67
1297515 4 4124 411 5 39 43 0 0 21 1567 903 826 11 4094 87 79
1297565 4 4724 437 6 42 45 0 0 23 1954 954 867 13 4694 96 91
1297615 4 5024 457 7 44 45 0 0 24 2139 986 894 14 4994 101 97
1297665 4 5624 478 11 50 47 2 1 26 2533 1037 935 16 5594 110 109
1297715 4 6524 506 23 55 49 16 10 28 3093 1085 968 18 6494 125 126
1297766 4 6524 518 23 55 51 16 10 28 3093 1118 1001 18 6494 125 126
1297816 4 7041 543 23 58 51 19 10 30 3218 1155 1029 19 6794 130 132
1297867 4 7041 554 23 58 54 19 10 30 3218 1189 1063 19 6794 130 132
1297919 4 7041 562 23 59 55 19 10 30 3218 1212 1086 19 6794 130 132
1297969 4 7041 573 23 60 56 19 10 30 3218 1234 1108 19 6794 130 132
1298019 4 7041 581 23 61 58 19 10 30 3218 1256 1130 19 6794 130 132
1298071 4 7041 590 23 61 59 19 10 30 3218 1279 1153 19 6794 130 132
1298123 4 7042 599 23 63 60 19 10 31 3219 1302 1175 19 6794 130 132
1298174 4 7043 614 23 65 65 19 10 32 3220 1341 1213 19 6794 130 132
1298224 4 7043 626 23 66 68 19 10 32 3220 1380 1252 19 6794 130 132
1298274 4 7045 646 23 68 72 19 10 34 3222 1418 1288 19 6794 130 132
1298324 4 7045 654 23 69 73 19 10 34 3222 1443 1313 19 6794 130 132
1298374 4 7045 663 23 69 73 19 10 34 3222 1465 1335 19 6794 130 132
1298424 4 7045 670 23 71 74 19 10 34 3222 1487 1357 19 6794 130 132
1298474 4 7347 691 24 80 75 20 10 36 5721 1528 1392 20 7094 135 138
1298524 4 7947 708 27 82 76 20 10 38 5960 1561 1415 22 7694 145 150
1298575 4 7947 727 27 83 77 20 10 38 5960 1598 1452 22 7694 145 150
1298626 4 8547 745 28 86 78 20 10 40 6223 1638 1482 24 8294 154 162
1298676 4 8547 758 28 88 81 20 10 40 6223 1677 1521 24 8294 154 162
1298726 4 8547 765 28 89 82 20 10 40 6223 1699 1543 24 8294 154 162
1298777 4 9147 789 29 93 83 20 10 42 6425 1748 1582 26 8894 164 174
1298827 4 9447 806 30 94 85 20 10 43 6526 1788 1617 27 9194 169 180
1298877 4 9747 846 31 96 86 20 10 44 6616 1812 1636 28 9494 201 186
1298927 4 9747 857 31 96 88 20 10 44 6616 1841 1665 28 9494 201 186
1298980 4 10047 868 32 97 89 20 10 45 6723 1867 1686 29 9794 206 192
1299031 4 10647 893 34 100 91 20 10 47 6918 1920 1729 31 10394 215 204
1299082 4 10947 912 34 103 92 20 10 48 7024 1966 1770 32 10694 219 210
1299133 4 10947 923 34 103 94 20 10 48 7024 1990 1794 32 10694 219 210
1299183 4 10947 931 34 103 95 20 10 48 7024 2012 1816 32 10694 219 210
1299233 4 11847 955 36 108 96 20 10 51 7357 2061 1850 35 11594 231 228
1299284 4 12147 976 36 112 99 20 10 52 7455 2112 1896 36 11894 235 234
1299336 4 12147 985 36 114 99 20 10 52 7455 2138 1922 36 11894 235 234
1299388 4 12147 993 36 114 100 20 10 52 7455 2161 1945 36 11894 235 234
1299444 4 13047 1022 38 122 101 20 10 55 7776 2216 1985 39 12794 247 252
1299498 4 13347 1063 38 125 101 20 10 56 7881 2243 2007 40 13094 278 258
1299548 4 13347 1080 38 125 102 20 10 56 7881 2282 2046 40 13094 278 258
1299632 4 13947 1124 39 127 103 20 10 57 8079 2313 2067 41 13694 314 269
1299682 4 14547 1149 40 131 105 20 10 59 8291 2365 2109 43 14294 323 281
1299733 4 14547 1164 40 131 107 20 10 59 8291 2402 2146 43 14294 323 281
1299783 4 14547 1173 40 131 108 20 10 59 8291 2424 2168 43 14294 323 281
1299838 4 15147 1210 41 133 109 20 10 60 8502 2442 2176 44 14894 358 292
1299890 4 15747 1236 42 138 112 20 10 62 8703 2494 2218 46 15494 367 304
1299940 4 15747 1249 42 139 114 20 10 62 8703 2533 2257 46 15494 367 304
1299992 4 15747 1258 42 140 115 20 10 62 8703 2556 2280 46 15494 367 304
1300042 4 16347 1279 42 142 118 20 10 63 8919 2595 2309 47 16094 375 315
1300093 4 16647 1298 42 144 119 20 10 64 9016 2636 2345 48 16394 380 321
1300143 4 16947 1318 42 146 120 20 10 65 9124 2678 2382 49 16694 384 327
1300194 4 16947 1330 42 146 122 20 10 65 9124 2701 2405 49 16694 384 327
1300244 4 17547 1348 44 150 122 20 10 67 9327 2736 2430 51 17294 392 339
1300294 4 17847 1366 44 154 122 20 10 68 9434 2776 2465 52 17594 396 345
1300345 4 18147 1388 45 157 124 20 10 69 9536 2822 2506 53 17894 401 351
1300396 4 18147 1399 45 157 125 20 10 69 9536 2847 2531 53 17894 401 351
1300446 4 18747 1420 46 159 128 20 10 71 9716 2879 2553 55 18494 410 363
1300504 4 19047 1449 51 163 129 21 15 72 10566 2920 2589 56 18794 419 369
1300554 4 19347 1470 52 166 130 21 15 73 10672 2969 2633 57 19094 423 375
1300605 4 19347 1479 52 166 130 21 15 73 10672 2994 2658 57 19094 423 375
1300655 4 19947 1496 54 168 132 21 15 75 10874 3026 2680 59 19694 433 387
1300709 4 20247 1517 54 169 135 21 15 76 10981 3069 2718 60 19994 438 393
1300759 4 20547 1538 54 172 139 21 15 77 11089 3119 2763 61 20294 443 399
1300810 4 20547 1546 54 173 139 21 15 77 11089 3145 2789 61 20294 443 399
1300861 4 21147 1567 56 175 140 21 15 79 11286 3186 2820 63 20894 453 411
1300912 4 21147 1583 56 175 140 21 15 79 11286 3213 2847 63 20894 453 411
1300962 4 21147 1592 56 175 140 21 15 79 11286 3235 2869 63 20894 453 411
1301012 4 21147 1600 56 176 141 21 15 79 11286 3257 2891 63 20894 453 411
1301064 4 22235 1643 57 178 141 22 15 80 11569 3277 2894 64 21982 495 428
1301115 4 23247 1670 63 181 143 23 19 81 12064 3322 2922 65 22994 513 446
1301165 4 23247 1679 63 181 144 23 19 81 12064 3347 2947 65 22994 513 446
1301215 4 23247 1687 63 182 145 23 19 81 12064 3369 2969 65 22994 513 446
1301265 4 23847 1707 63 185 148 23 19 83 12250 3410 3000 67 23594 522 458
1301315 4 23847 1725 63 185 151 23 19 83 12250 3447 3037 67 23594 522 458
1301365 4 23847 1735 63 186 151 23 19 83 12250 3469 3059 67 23594 522 458
1301417 4 23847 1743 63 187 153 23 19 83 12250 3492 3082 67 23594 522 458
1301488 4 24935 1788 66 189 155 25 19 84 12494 3520 3093 68 24682 564 475
1301538 4 25947 1814 68 192 157 25 19 85 12796 3568 3124 69 25694 578 493
1301589 4 25947 1827 68 192 158 25 19 85 12796 3592 3148 69 25694 578 493
1301639 4 25947 1834 68 192 159 25 19 85 12796 3614 3170 69 25694 578 493
1301711 4 26547 1880 70 195 160 25 19 87 12987 3651 3197 71 26294 614 505
1301761 4 26547 1897 70 196 162 25 19 87 12987 3690 3236 71 26294 614 505
1301811 4 26547 1905 70 197 164 25 19 87 12987 3712 3258 71 26294 614 505
1301861 4 26547 1912 70 197 165 25 19 87 12987 3734 3280 71 26294 614 505
1301911 4 28647 1949 81 201 166 28 25 89 13578 3778 3291 73 28394 648 539
1301962 4 28647 1963 81 201 168 28 25 89 13578 3812 3325 73 28394 648 539
1302012 4 28647 1971 81 201 169 28 25 89 13578 3834 3347 73 28394 648 539
1302062 4 28647 1980 81 202 170 28 25 89 13578 3856 3369 73 28394 648 539
1302112 4 29247 2000 82 206 172 28 25 91 13748 3899 3402 75 28994 657 551
1302163 4 29247 2012 82 208 174 28 25 91 13748 3935 3438 75 28994 657 551
1302213 4 29247 2021 82 208 176 28 25 91 13748 3957 3460 75 28994 657 551
1302263 4 29247 2032 82 208 176 28 25 91 13748 3979 3482 75 28994 657 551
1302327 4 31347 2068 89 215 178 30 29 93 14704 4024 3493 77 31094 690 586
1302377 4 31347 2082 89 216 181 30 29 93 14704 4063 3532 77 31094 690 586
1302429 4 31347 2090 89 217 182 30 29 93 14704 4086 3555 77 31094 690 586
1302479 4 31347 2098 89 217 185 30 29 93 14704 4108 3577 77 31094 690 586
1302529 4 31947 2120 90 220 186 30 29 95 14900 4147 3606 79 31694 699 598
1302580 4 31947 2139 90 220 188 30 29 95 14900 4186 3645 79 31694 699 598
1302631 4 31947 2147 90 221 189 30 29 95 14900 4209 3668 79 31694 699 598
1302681 4 31947 2155 90 221 190 30 29 95 14900 4231 3690 79 31694 699 598
1302742 4 34047 2188 92 227 190 32 29 97 15362 4277 3702 81 33794 728 633
1302792 4 34047 2198 92 231 192 32 29 97 15362 4316 3741 81 33794 728 633
1302844 4 34047 2207 92 232 193 32 29 97 15362 4339 3764 81 33794 728 633
1302894 4 34047 2213 92 234 195 32 29 97 15362 4361 3786 81 33794 728 633
1302944 4 34347 2231 92 235 197 32 29 98 15455 4397 3817 82 34094 732 639
1302994 4 34647 2251 93 237 199 32 29 99 15563 4438 3853 83 34394 737 645
1303044 4 34647 2262 93 238 200 32 29 99 15563 4461 3876 83 34394 737 645
1303094 4 34647 2270 93 240 201 32 29 99 15563 4483 3898 83 34394 737 645
1303150 4 35735 2291 94 242 202 32 29 100 15922 4516 3914 84 35482 752 662
1303200 4 36747 2321 97 244 204 34 30 101 16163 4563 3945 85 36494 766 679
1303250 4 36747 2331 97 244 206 34 30 101 16163 4587 3969 85 36494 766 679
1303300 4 36747 2338 97 244 207 34 30 101 16163 4609 3991 85 36494 766 679
1303350 4 37047 2349 98 247 208 34 30 102 16278 4635 4012 86 36794 770 685
1303400 4 37347 2374 98 249 210 34 30 103 16380 4684 4056 87 37094 775 691
1303450 4 37347 2380 98 249 212 34 30 103 16380 4709 4081 87 37094 775 691
1303502 4 37347 2389 98 249 213 34 30 103 16380 4732 4104 87 37094 775 691
1303552 4 37347 2396 98 250 215 34 30 103 16380 4754 4126 87 37094 775 691
1303602 4 39447 2435 108 255 215 36 35 105 17243 4800 4139 89 39194 808 725
1303653 4 39447 2450 108 256 217 36 35 105 17243 4832 4171 89 39194 808 725
1303705 4 39447 2458 108 257 218 36 35 105 17243 4855 4194 89 39194 808 725
1303755 4 39447 2469 108 258 218 36 35 105 17243 4877 4216 89 39194 808 725
1303805 4 40047 2493 108 262 221 38 35 107 17380 4923 4252 91 39794 818 737
1303855 4 40047 2509 108 262 223 38 35 107 17380 4955 4284 91 39794 818 737
1303907 4 40047 2518 108 262 224 38 35 107 17380 4978 4307 91 39794 818 737
1303957 4 40047 2528 108 263 224 38 35 107 17380 5000 4329 91 39794 818 737
1304016 4 42147 2564 117 268 227 39 39 109 18274 5043 4338 93 41894 851 772
1304066 4 42147 2579 117 268 229 39 39 109 18274 5082 4377 93 41894 851 772
1304118 4 42147 2587 117 269 230 39 39 109 18274 5105 4400 93 41894 851 772
1304168 4 42147 2594 117 270 232 39 39 109 18274 5127 4422 93 41894 851 772
1304218 4 42747 2614 119 273 233 39 39 111 18465 5168 4453 95 42494 860 784
1304269 4 42747 2631 119 274 236 39 39 111 18465 5205 4490 95 42494 860 784
1304321 4 42747 2639 119 274 237 39 39 111 18465 5228 4513 95 42494 860 784
1304371 4 42747 2647 119 274 238 39 39 111 18465 5250 4535 95 42494 860 784
1304431 4 44847 2679 124 279 238 40 39 113 19049 5295 4547 97 44594 888 818
1304481 4 44847 2693 124 282 240 40 39 113 19049 5334 4586 97 44594 888 818
1304531 4 44847 2702 124 283 240 40 39 113 19049 5356 4608 97 44594 888 818
1304581 4 44847 2711 124 284 241 40 39 113 19049 5378 4630 97 44594 888 818
1304631 4 45147 2729 124 285 242 40 39 114 19145 5414 4661 98 44894 892 824
1304681 4 45447 2746 125 287 245 40 39 115 19237 5455 4697 99 45194 897 830
1304731 4 45447 2754 125 287 247 40 39 115 19237 5478 4720 99 45194 897 830
1304781 4 45447 2762 125 287 248 40 39 115 19237 5500 4742 99 45194 897 830
1304831 4 45447 2769 125 288 249 40 39 115 19237 5522 4764 99 45194 897 830
1304883 4 45447 2777 125 289 250 40 39 115 19237 5545 4787 99 45194 897 830
1304935 4 45447 2786 125 289 251 40 39 115 19237 5568 4810 99 45194 897 830
1304985 4 45447 2794 125 289 252 40 39 115 19237 5590 4832 99 45194 897 830
1305035 4 45447 2802 125 289 253 40 39 115 19237 5612 4854 99 45194 897 830
1305085 4 45447 2812 125 289 254 40 39 115 19237 5634 4876 99 45194 897 830
1305135 4 45447 2819 125 289 255 40 39 115 19237 5656 4898 99 45194 897 830
1305187 4 45447 2828 125 289 256 40 39 115 19237 5679 4921 99 45194 897 830
1305237 4 45447 2838 125 289 256 40 39 115 19237 5701 4943 99 45194 897 830
1305289 4 45447 2846 125 290 258 40 39 115 19237 5724 4966 99 45194 897 830
1305339 4 46132 2859 126 307 259 40 39 116 23833 5750 4981 100 45879 907 842
1305390 4 46132 2875 126 309 261 40 39 116 23833 5785 5016 100 45879 907 842
1305440 4 46132 2884 126 309 262 40 39 116 23833 5807 5038 100 45879 907 842
1305490 4 46132 2894 126 309 262 40 39 116 23833 5829 5060 100 45879 907 842
1305540 4 46132 2901 126 309 263 40 39 116 23833 5851 5082 100 45879 907 842
1305592 4 46132 2910 126 310 264 40 39 116 23833 5874 5105 100 45879 907 842
1305642 4 46133 2915 126 312 269 40 39 117 23834 5901 5131 100 45879 907 842
1305692 4 46134 2934 126 315 271 40 39 118 23835 5943 5172 100 45879 907 842
1305744 4 46436 2967 126 316 272 42 39 119 23879 5958 5181 101 46181 940 849
1305794 4 46436 2985 126 316 273 42 39 119 23879 5997 5220 101 46181 940 849
1305844 4 46436 2992 126 316 275 42 39 119 23879 6019 5242 101 46181 940 849
1305900 4 47524 3017 129 320 275 60 41 120 24604 6050 5256 102 47269 958 866
1305963 4 48836 3071 135 325 275 81 46 122 25513 6081 5266 104 48581 1008 889
1306013 4 48836 3090 135 328 276 81 46 122 25513 6120 5305 104 48581 1008 889
1306064 4 48836 3098 135 328 277 81 46 122 25513 6143 5328 104 48581 1008 889
1306120 4 49436 3118 139 334 278 90 46 124 25890 6183 5358 106 49181 1019 901
1306170 4 49436 3131 139 335 279 90 46 124 25890 6222 5397 106 49181 1019 901
1306222 4 49436 3139 139 335 280 90 46 124 25890 6245 5420 106 49181 1019 901
1306274 4 49436 3148 139 335 281 90 46 124 25890 6268 5443 106 49181 1019 901
1306324 4 49436 3156 139 335 283 90 46 124 25890 6290 5465 106 49181 1019 901
1306374 4 49436 3164 139 336 284 90 46 124 25890 6312 5487 106 49181 1019 901
1306426 4 49436 3173 139 337 285 90 46 124 25890 6335 5510 106 49181 1019 901
1306476 4 49436 3182 139 338 286 90 46 124 25890 6357 5532 106 49181 1019 901
1306526 4 49436 3189 139 338 287 90 46 124 25890 6379 5554 106 49181 1019 901
1306576 4 49436 3197 139 338 289 90 46 124 25890 6401 5576 106 49181 1019 901
1306626 4 49436 3205 139 339 290 90 46 124 25890 6423 5598 106 49181 1019 901
1306678 4 49436 3213 139 339 291 90 46 124 25890 6446 5621 106 49181 1019 901
1306728 4 49436 3223 139 339 292 90 46 124 25890 6468 5643 106 49181 1019 901
1306778 4 49953 3243 139 341 294 93 46 125 26015 6509 5675 107 49698 1027 911
1306828 4 49953 3256 139 343 295 93 46 125 26015 6534 5700 107 49698 1027 911
1306878 4 49953 3264 139 344 296 93 46 125 26015 6556 5722 107 49698 1027 911
1306930 4 49953 3272 139 345 297 93 46 125 26015 6579 5745 107 49698 1027 911
1306980 4 49953 3280 139 346 298 93 46 125 26015 6601 5767 107 49698 1027 911
1307030 4 49953 3287 139 347 300 93 46 125 26015 6623 5789 107 49698 1027 911
1307080 4 49953 3294 139 348 301 93 46 125 26015 6645 5811 107 49698 1027 911
1307130 4 49953 3302 139 349 302 93 46 125 26015 6667 5833 107 49698 1027 911
