# cols t where got pump parse flush keys nscroll tscroll nflush ncells reads e1e bursts bbytes bcs breads
# snapshots=24 every=50cs drain=1024 rmax=64 fastmv=-1
48224 4 0 0 0 1 0 0 0 1 1 159 119 0 0 0 0
48275 4 857 20 1 8 2 0 0 4 482 205 153 1 568 2 2
48325 4 857 31 1 8 2 0 0 4 482 233 181 1 568 2 2
48377 4 857 39 1 8 3 0 0 4 482 256 204 1 568 2 2
48427 4 857 47 1 9 4 0 0 4 482 278 226 1 568 2 2
48479 4 857 55 1 9 5 0 0 4 482 301 249 1 568 2 2
48531 4 857 63 1 9 6 0 0 4 482 324 272 1 568 2 2
48581 4 857 72 1 9 7 0 0 4 482 346 294 1 568 2 2
48633 4 857 80 1 9 8 0 0 4 482 369 317 1 568 2 2
48685 4 857 88 1 10 9 0 0 4 482 392 340 1 568 2 2
48737 4 857 97 1 10 10 0 0 4 482 415 363 1 568 2 2
48789 4 857 105 1 10 11 0 0 4 482 438 386 1 568 2 2
48841 4 857 114 1 11 13 0 0 4 482 461 409 1 568 2 2
48891 4 857 121 1 11 14 0 0 4 482 483 431 1 568 2 2
48941 4 857 129 1 12 17 0 0 4 482 505 453 1 568 2 2
48993 4 858 138 1 13 19 0 0 5 483 528 475 1 568 2 2
49043 4 859 159 1 15 20 0 0 6 484 572 518 1 568 2 2
49093 4 1089 180 1 17 23 0 0 8 486 611 544 1 568 2 2
49144 4 4678 201 7 31 25 7 1 10 2592 641 566 3 4157 10 6
49194 4 4678 216 7 32 27 7 1 10 2592 670 595 3 4157 10 6
49244 4 4678 224 7 32 28 7 1 10 2592 692 617 3 4157 10 6
49294 4 4679 233 7 33 30 7 1 11 2593 718 642 3 4157 10 6
49345 4 4681 250 7 35 35 7 1 13 2595 768 690 3 4157 10 6
49395 4 4920 269 7 39 38 9 1 16 2603 812 730 3 4157 10 6
