# cols t where got pump parse flush keys nscroll tscroll nflush ncells reads e1e bursts bbytes bcs breads
# snapshots=455 every=50cs drain=1024 rmax=64 fastmv=-1
40671 4 0 1 0 1 0 0 0 1 1 203 161 0 0 0 0
40721 4 857 25 0 7 0 0 0 4 482 248 195 1 568 2 2
40771 4 857 40 0 7 1 0 0 4 482 283 230 1 568 2 2
40821 4 857 48 0 7 2 0 0 4 482 305 252 1 568 2 2
40871 4 857 56 0 7 3 0 0 4 482 327 274 1 568 2 2
40921 4 857 66 0 7 4 0 0 4 482 349 296 1 568 2 2
40971 4 857 74 0 9 4 0 0 4 482 371 318 1 568 2 2
41023 4 857 82 0 9 5 0 0 4 482 394 341 1 568 2 2
41075 4 857 90 0 9 6 0 0 4 482 417 364 1 568 2 2
41125 4 857 97 0 9 8 0 0 4 482 439 386 1 568 2 2
41177 4 857 106 0 10 10 0 0 4 482 462 409 1 568 2 2
41229 4 857 115 0 11 11 0 0 4 482 485 432 1 568 2 2
41281 4 857 123 0 12 12 0 0 4 482 508 455 1 568 2 2
41333 4 857 132 0 12 13 0 0 4 482 531 478 1 568 2 2
41385 4 857 140 0 12 14 0 0 4 482 554 501 1 568 2 2
41435 4 857 148 0 13 16 0 0 4 482 576 523 1 568 2 2
41487 4 857 156 0 14 17 0 0 4 482 599 546 1 568 2 2
41539 4 857 164 0 14 18 0 0 4 482 622 569 1 568 2 2
41591 4 857 172 0 15 19 0 0 4 482 645 592 1 568 2 2
41643 4 857 182 0 16 19 0 0 4 482 668 615 1 568 2 2
41693 4 857 190 0 16 20 0 0 4 482 690 637 1 568 2 2
41745 4 857 200 0 16 20 0 0 4 482 713 660 1 568 2 2
41797 4 857 208 0 17 21 0 0 4 482 736 683 1 568 2 2
41847 4 857 216 0 17 22 0 0 4 482 758 705 1 568 2 2
41899 4 857 225 0 18 23 0 0 4 482 781 728 1 568 2 2
41951 4 857 233 0 18 24 0 0 4 482 804 751 1 568 2 2
42003 4 857 241 0 18 25 0 0 4 482 827 774 1 568 2 2
42055 4 857 249 0 19 26 0 0 4 482 850 797 1 568 2 2
42107 4 857 257 0 19 27 0 0 4 482 873 820 1 568 2 2
42159 4 857 265 0 20 28 0 0 4 482 896 843 1 568 2 2
42209 4 857 273 0 21 29 0 0 4 482 918 865 1 568 2 2
42261 4 857 282 0 21 29 0 0 4 482 941 888 1 568 2 2
42313 4 857 291 0 22 31 0 0 4 482 964 911 1 568 2 2
42365 4 857 299 0 22 32 0 0 4 482 987 934 1 568 2 2
42417 4 857 307 0 23 33 0 0 4 482 1010 957 1 568 2 2
42469 4 857 315 0 24 35 0 0 4 482 1033 980 1 568 2 2
42521 4 857 323 0 24 36 0 0 4 482 1056 1003 1 568 2 2
42573 4 857 331 0 25 37 0 0 4 482 1079 1026 1 568 2 2
42623 4 857 339 0 25 38 0 0 4 482 1101 1048 1 568 2 2
42675 4 857 348 0 26 39 0 0 4 482 1124 1071 1 568 2 2
42727 4 857 356 0 26 40 0 0 4 482 1147 1094 1 568 2 2
42779 4 857 364 0 26 41 0 0 4 482 1170 1117 1 568 2 2
42831 4 857 372 0 27 42 0 0 4 482 1193 1140 1 568 2 2
42883 4 857 380 0 27 43 0 0 4 482 1216 1163 1 568 2 2
42933 4 857 386 0 27 45 0 0 4 482 1238 1185 1 568 2 2
42985 4 857 394 0 28 46 0 0 4 482 1261 1208 1 568 2 2
43037 4 857 402 0 28 47 0 0 4 482 1284 1231 1 568 2 2
43089 4 857 410 0 29 48 0 0 4 482 1307 1254 1 568 2 2
43139 4 857 418 0 29 49 0 0 4 482 1329 1276 1 568 2 2
43191 4 857 426 0 29 50 0 0 4 482 1352 1299 1 568 2 2
43243 4 857 434 0 30 51 0 0 4 482 1375 1322 1 568 2 2
43295 4 857 443 0 31 53 0 0 4 482 1398 1345 1 568 2 2
43347 4 857 451 0 32 54 0 0 4 482 1421 1368 1 568 2 2
43397 4 857 458 0 32 56 0 0 4 482 1443 1390 1 568 2 2
43449 4 857 466 0 33 57 0 0 4 482 1466 1413 1 568 2 2
43501 4 857 474 0 33 58 0 0 4 482 1489 1436 1 568 2 2
43553 4 857 482 0 34 59 0 0 4 482 1512 1459 1 568 2 2
43605 4 857 490 0 34 60 0 0 4 482 1535 1482 1 568 2 2
43657 4 857 499 0 34 61 0 0 4 482 1558 1505 1 568 2 2
43709 4 857 507 0 34 62 0 0 4 482 1581 1528 1 568 2 2
43759 4 857 515 0 34 64 0 0 4 482 1603 1550 1 568 2 2
43811 4 857 524 0 35 65 0 0 4 482 1626 1573 1 568 2 2
43863 4 857 533 0 35 66 0 0 4 482 1649 1596 1 568 2 2
43915 4 857 541 0 35 67 0 0 4 482 1672 1619 1 568 2 2
43967 4 857 549 0 36 68 0 0 4 482 1695 1642 1 568 2 2
44019 4 857 557 0 36 69 0 0 4 482 1718 1665 1 568 2 2
44069 4 857 562 0 37 71 0 0 4 482 1740 1687 1 568 2 2
44121 4 857 571 0 38 73 0 0 4 482 1763 1710 1 568 2 2
44173 4 857 579 0 38 74 0 0 4 482 1786 1733 1 568 2 2
44225 4 857 587 0 39 75 0 0 4 482 1809 1756 1 568 2 2
44275 4 857 595 0 41 77 0 0 4 482 1831 1778 1 568 2 2
44325 4 857 602 0 42 78 0 0 4 482 1853 1800 1 568 2 2
44377 4 857 610 0 42 80 0 0 4 482 1876 1823 1 568 2 2
44427 4 858 617 0 43 82 0 0 5 483 1903 1849 1 568 2 2
44478 4 859 640 0 44 82 0 0 6 484 1945 1890 1 568 2 2
44528 4 870 654 0 45 84 0 0 7 485 1973 1917 1 568 2 2
44578 4 1089 672 0 46 86 0 0 8 486 2014 1946 1 568 2 2
44628 4 4678 692 5 59 86 7 2 10 2592 2040 1964 3 4157 10 6
44678 4 4678 706 5 59 86 7 2 10 2592 2070 1994 3 4157 10 6
44728 4 4678 713 5 59 87 7 2 10 2592 2092 2016 3 4157 10 6
44780 4 4678 721 5 59 88 7 2 10 2592 2115 2039 3 4157 10 6
44832 4 4678 729 5 59 89 7 2 10 2592 2138 2062 3 4157 10 6
44882 4 4678 736 5 59 90 7 2 10 2592 2160 2084 3 4157 10 6
44934 4 4678 744 5 59 92 7 2 10 2592 2183 2107 3 4157 10 6
44986 4 4678 752 5 60 93 7 2 10 2592 2206 2130 3 4157 10 6
45038 4 4678 760 5 60 95 7 2 10 2592 2229 2153 3 4157 10 6
45088 4 4681 786 5 63 96 7 2 13 2595 2275 2196 3 4157 10 6
45140 4 4681 805 5 63 96 7 2 13 2595 2308 2229 3 4157 10 6
45190 4 4681 810 5 64 99 7 2 13 2595 2330 2251 3 4157 10 6
45242 4 4681 818 5 64 100 7 2 13 2595 2353 2274 3 4157 10 6
45292 4 4924 838 6 67 108 8 2 16 2598 2393 2305 3 4157 10 6
45347 4 11120 857 14 84 111 8 2 19 6852 2416 2315 6 10353 21 9
45398 4 12306 877 16 87 112 8 2 20 7244 2454 2351 7 11539 24 10
45449 4 12306 887 16 87 113 8 2 20 7244 2477 2374 7 11539 24 10
45501 4 12306 895 16 88 114 8 2 20 7244 2500 2397 7 11539 24 10
45553 4 12306 903 16 89 115 8 2 20 7244 2523 2420 7 11539 24 10
45603 4 14370 915 19 91 117 8 2 21 7713 2542 2431 8 13603 28 11
45653 4 19324 934 25 100 119 8 2 24 8454 2579 2463 11 18557 36 15
45703 4 19324 941 25 100 121 8 2 24 8454 2604 2488 11 18557 36 15
45753 4 19324 948 25 101 122 8 2 24 8454 2626 2510 11 18557 36 15
45805 4 19324 956 25 101 123 8 2 24 8454 2649 2533 11 18557 36 15
45857 4 19324 964 25 102 124 8 2 24 8454 2672 2556 11 18557 36 15
45907 4 23456 978 30 108 124 8 2 26 9075 2691 2566 13 22689 42 17
45957 4 26342 998 34 110 125 8 2 27 9419 2727 2601 14 25575 46 18
46007 4 26373 1006 35 115 132 9 3 28 9419 2757 2630 14 25575 46 18
46057 4 26724 1025 35 117 133 9 3 30 9436 2801 2671 15 25864 48 21
46107 4 26724 1033 35 117 134 9 3 30 9436 2824 2694 15 25864 48 21
46157 4 26724 1041 35 117 135 9 3 30 9436 2846 2716 15 25864 48 21
46207 4 26724 1048 35 118 136 9 3 30 9436 2868 2738 15 25864 48 21
46259 4 26724 1057 35 118 138 9 3 30 9436 2891 2761 15 25864 48 21
46311 4 26724 1066 35 119 139 9 3 30 9436 2914 2784 15 25864 48 21
46363 4 26724 1074 35 120 140 9 3 30 9436 2937 2807 15 25864 48 21
46414 4 26726 1088 35 122 145 9 3 32 9438 2973 2841 15 25864 48 21
46464 4 26726 1105 35 123 146 9 3 32 9438 3012 2880 15 25864 48 21
46515 4 26728 1125 35 125 148 9 3 34 9440 3051 2917 15 25864 48 21
46565 4 26728 1131 35 127 150 9 3 34 9440 3075 2941 15 25864 48 21
46617 4 26728 1139 35 127 151 9 3 34 9440 3098 2964 15 25864 48 21
46667 4 26730 1145 36 128 155 10 4 35 9441 3125 2990 15 25864 48 21
46719 4 28342 1172 39 141 158 10 4 40 12532 3162 3012 19 27467 59 30
46769 4 31648 1197 44 151 159 10 4 43 13673 3199 3033 22 30773 68 35
46821 4 31648 1207 44 152 161 10 4 43 13673 3235 3069 22 30773 68 35
46871 4 36015 1230 51 163 161 10 4 45 15184 3257 3075 24 35140 77 38
46933 4 40110 1254 62 169 164 11 10 46 15963 3286 3101 25 39235 89 39
46983 4 40238 1267 63 170 165 11 10 47 16001 3326 3139 25 39235 89 39
47033 4 40675 1290 69 174 166 13 15 49 16263 3361 3170 26 39557 90 41
47083 4 41781 1309 72 177 168 13 15 51 16614 3400 3202 28 40663 97 47
47134 4 41781 1319 72 178 168 13 15 51 16614 3425 3227 28 40663 97 47
47185 4 42228 1339 73 182 169 15 16 53 16681 3464 3262 29 40965 99 49
47236 4 42228 1347 73 182 171 15 16 53 16681 3489 3287 29 40965 99 49
47289 4 43412 1361 76 185 172 15 16 54 17050 3512 3304 30 42149 104 53
47345 4 43486 1384 81 187 173 16 21 55 17250 3551 3341 30 42149 104 53
47396 4 44788 1409 82 191 175 16 21 57 17657 3597 3381 32 43451 111 59
47448 4 44788 1420 82 193 178 16 21 57 17657 3623 3407 32 43451 111 59
47499 4 45065 1440 87 196 179 18 26 59 18234 3659 3439 32 43451 111 59
47549 4 45065 1449 87 196 180 18 26 59 18234 3684 3464 32 43451 111 59
47599 4 45065 1458 87 196 181 18 26 59 18234 3706 3486 32 43451 111 59
47652 4 49520 1484 93 211 181 19 26 67 19555 3732 3489 38 47644 129 75
47702 4 50094 1504 93 214 182 19 26 68 19761 3772 3525 39 48218 133 79
47753 4 50094 1514 93 215 183 19 26 68 19761 3795 3548 39 48218 133 79
47803 4 53981 1539 98 227 184 21 26 73 20929 3826 3557 42 51703 149 94
47854 4 54531 1562 98 229 187 21 26 74 21121 3869 3598 43 52253 152 97
47904 4 54531 1572 98 229 188 21 26 74 21121 3892 3621 43 52253 152 97
47954 4 54814 1589 98 232 190 22 26 76 21178 3932 3658 43 52253 152 97
48006 4 54814 1599 98 233 193 22 26 76 21178 3967 3693 43 52253 152 97
48056 4 54814 1606 98 233 194 22 26 76 21178 3989 3715 43 52253 152 97
48106 4 56189 1622 101 237 194 22 26 78 21633 4015 3731 45 53628 161 107
48156 4 56785 1640 102 255 194 22 26 79 26084 4050 3762 46 54224 166 112
48207 4 56785 1656 102 257 194 22 26 79 26084 4084 3796 46 54224 166 112
48257 4 56785 1664 102 257 195 22 26 79 26084 4106 3818 46 54224 166 112
48307 4 56785 1671 102 258 196 22 26 79 26084 4128 3840 46 54224 166 112
48359 4 56785 1680 102 258 198 22 26 79 26084 4151 3863 46 54224 166 112
48411 4 56785 1688 102 259 199 22 26 79 26084 4174 3886 46 54224 166 112
48461 4 56785 1696 102 259 199 22 26 79 26084 4196 3908 46 54224 166 112
48513 4 56785 1705 102 259 200 22 26 79 26084 4219 3931 46 54224 166 112
48563 4 56785 1712 102 259 201 22 26 79 26084 4241 3953 46 54224 166 112
48615 4 56785 1720 102 259 202 22 26 79 26084 4264 3976 46 54224 166 112
48667 4 56785 1728 102 259 203 22 26 79 26084 4287 3999 46 54224 166 112
48719 4 56785 1736 102 259 204 22 26 79 26084 4310 4022 46 54224 166 112
48771 4 56785 1744 102 260 205 22 26 79 26084 4333 4045 46 54224 166 112
48823 4 56785 1753 102 260 206 22 26 79 26084 4356 4068 46 54224 166 112
48875 4 56785 1761 102 261 207 22 26 79 26084 4379 4091 46 54224 166 112
48927 4 56785 1769 102 262 208 22 26 79 26084 4402 4114 46 54224 166 112
48979 4 56785 1778 102 263 209 22 26 79 26084 4425 4137 46 54224 166 112
49029 4 56785 1786 102 263 210 22 26 79 26084 4447 4159 46 54224 166 112
49081 4 56785 1794 102 263 211 22 26 79 26084 4470 4182 46 54224 166 112
49133 4 56785 1803 102 264 211 22 26 79 26084 4493 4205 46 54224 166 112
49185 4 56785 1811 102 264 212 22 26 79 26084 4516 4228 46 54224 166 112
49237 4 56785 1820 102 264 213 22 26 79 26084 4539 4251 46 54224 166 112
49289 4 56785 1829 102 265 213 22 26 79 26084 4562 4274 46 54224 166 112
49341 4 56785 1837 102 265 214 22 26 79 26084 4585 4297 46 54224 166 112
49391 4 56785 1845 102 265 216 22 26 79 26084 4607 4319 46 54224 166 112
49443 4 56785 1854 102 266 217 22 26 79 26084 4630 4342 46 54224 166 112
49493 4 56787 1876 102 268 220 22 26 81 26086 4663 4373 46 54224 166 112
49543 4 57017 1896 102 270 223 23 26 83 26088 4703 4410 46 54224 166 112
49594 4 57017 1906 102 270 225 23 26 83 26088 4735 4442 46 54224 166 112
49644 4 57017 1915 102 271 226 23 26 83 26088 4757 4464 46 54224 166 112
49694 4 57368 1930 102 272 229 23 26 84 26104 4796 4500 47 54575 169 116
49745 4 57368 1938 102 272 230 23 26 84 26104 4820 4524 47 54575 169 116
49797 4 57368 1946 102 273 231 23 26 84 26104 4843 4547 47 54575 169 116
49847 4 57368 1954 102 273 233 23 26 84 26104 4865 4569 47 54575 169 116
49897 4 57368 1963 102 274 234 23 26 84 26104 4887 4591 47 54575 169 116
49948 4 57600 1987 103 280 237 24 27 88 26108 4935 4634 47 54575 169 116
49998 4 57600 2006 103 281 239 24 27 88 26108 4974 4673 47 54575 169 116
50049 4 57600 2015 103 281 240 24 27 88 26108 4996 4691 47 54575 169 116
50101 4 57600 2026 103 281 241 24 27 88 26108 5018 4707 47 54575 169 116
50152 4 57600 2033 103 281 243 24 27 88 26108 5040 4724 47 54575 169 116
50202 4 61189 2059 118 294 244 76 38 90 28286 5063 4744 49 58164 188 120
50252 4 61189 2066 118 295 248 76 38 90 28286 5091 4772 49 58164 188 120
50302 4 61189 2075 118 296 248 76 38 90 28286 5113 4794 49 58164 188 120
50354 4 61189 2083 118 296 249 76 38 90 28286 5136 4817 49 58164 188 120
50406 4 61189 2090 118 297 251 76 38 90 28286 5159 4840 49 58164 188 120
50458 4 61189 2098 118 297 252 76 38 90 28286 5182 4863 49 58164 188 120
50508 4 61189 2105 118 297 253 76 38 90 28286 5204 4885 49 58164 188 120
50560 4 61189 2114 118 297 255 76 38 90 28286 5227 4908 49 58164 188 120
50612 4 61189 2123 118 298 256 76 38 90 28286 5250 4931 49 58164 188 120
50664 4 61189 2131 118 299 257 76 38 90 28286 5273 4954 49 58164 188 120
50716 4 61189 2140 118 300 259 76 38 90 28286 5296 4977 49 58164 188 120
50768 4 61189 2148 118 301 260 76 38 90 28286 5319 5000 49 58164 188 120
50820 4 61189 2157 118 302 262 76 38 90 28286 5342 5023 49 58164 188 120
50872 4 61189 2165 118 302 263 76 38 90 28286 5365 5046 49 58164 188 120
50922 4 61191 2180 118 305 267 76 38 92 28288 5399 5078 49 58164 188 120
50973 4 61191 2195 118 306 272 76 38 92 28288 5437 5116 49 58164 188 120
51024 4 61192 2208 118 307 277 76 38 93 28289 5473 5151 49 58164 188 120
51075 4 61192 2221 118 307 278 76 38 93 28289 5499 5177 49 58164 188 120
51125 4 61193 2236 118 309 281 76 38 94 28290 5535 5212 49 58164 188 120
51176 4 61194 2256 118 310 283 76 38 95 28291 5574 5250 49 58164 188 120
51226 4 61195 2268 118 312 285 76 38 96 28292 5605 5280 49 58164 188 120
51276 4 61196 2285 118 313 289 76 38 97 28293 5649 5323 49 58164 188 120
51326 4 61198 2308 118 315 293 76 38 99 28295 5687 5359 49 58164 188 120
51377 4 61199 2324 118 317 295 76 38 100 28296 5732 5403 49 58164 188 120
51427 4 61204 2339 118 319 297 76 38 101 28300 5767 5437 49 58164 188 120
51478 4 61204 2347 118 320 299 76 38 101 28300 5796 5466 49 58164 188 120
51528 4 61204 2354 118 320 300 76 38 101 28300 5818 5488 49 58164 188 120
51580 4 61204 2362 118 321 301 76 38 101 28300 5841 5511 49 58164 188 120
51641 4 61712 2385 120 330 303 77 38 104 30838 5881 5541 50 58434 195 126
51691 4 62255 2404 121 334 304 77 38 106 31035 5921 5577 51 58776 197 128
51741 4 62255 2416 121 335 304 77 38 106 31035 5944 5600 51 58776 197 128
51791 4 62255 2425 121 336 306 77 38 106 31035 5966 5622 51 58776 197 128
51841 4 62255 2433 121 337 308 77 38 106 31035 5988 5644 51 58776 197 128
51891 4 62255 2440 121 337 309 77 38 106 31035 6010 5666 51 58776 197 128
51943 4 62255 2448 121 338 310 77 38 106 31035 6033 5689 51 58776 197 128
51993 4 62255 2456 121 339 311 77 38 106 31035 6055 5711 51 58776 197 128
52045 4 62255 2465 121 340 312 77 38 106 31035 6078 5734 51 58776 197 128
52097 4 62255 2473 121 341 313 77 38 106 31035 6101 5757 51 58776 197 128
52149 4 62255 2481 121 341 314 77 38 106 31035 6124 5780 51 58776 197 128
52199 4 62255 2489 121 341 315 77 38 106 31035 6146 5802 51 58776 197 128
52251 4 62255 2497 121 342 316 77 38 106 31035 6169 5825 51 58776 197 128
52301 4 62255 2505 121 343 317 77 38 106 31035 6191 5847 51 58776 197 128
52353 4 62255 2513 121 343 318 77 38 106 31035 6214 5870 51 58776 197 128
52405 4 62255 2521 121 343 319 77 38 106 31035 6237 5893 51 58776 197 128
52457 4 62255 2529 121 343 320 77 38 106 31035 6260 5916 51 58776 197 128
52507 4 62255 2537 121 343 321 77 38 106 31035 6282 5938 51 58776 197 128
52557 4 62255 2545 121 344 321 77 38 106 31035 6304 5960 51 58776 197 128
52609 4 62255 2554 121 345 322 77 38 106 31035 6327 5983 51 58776 197 128
52660 4 62277 2566 121 346 326 77 38 107 31036 6363 6018 51 58776 197 128
52711 4 62343 2591 122 353 329 77 38 111 31039 6409 6060 51 58776 197 128
52761 4 62405 2612 123 360 333 77 38 115 31043 6459 6106 51 58776 197 128
52811 4 62432 2634 123 363 335 77 38 118 31046 6508 6152 51 58776 197 128
52861 4 62455 2653 123 365 337 77 38 119 31047 6544 6187 51 58776 197 128
52912 4 62478 2667 123 366 339 77 38 120 31048 6584 6226 51 58776 197 128
52963 4 62478 2674 123 367 340 77 38 120 31048 6607 6249 51 58776 197 128
53013 4 62478 2683 123 367 341 77 38 120 31048 6629 6271 51 58776 197 128
53063 4 62478 2692 123 368 342 77 38 120 31048 6651 6293 51 58776 197 128
53113 4 62478 2700 123 369 343 77 38 120 31048 6673 6315 51 58776 197 128
53163 4 62478 2707 123 370 344 77 38 120 31048 6695 6337 51 58776 197 128
53215 4 62478 2715 123 370 345 77 38 120 31048 6718 6360 51 58776 197 128
53265 4 62478 2723 123 370 347 77 38 120 31048 6740 6382 51 58776 197 128
53317 4 62478 2731 123 371 348 77 38 120 31048 6763 6405 51 58776 197 128
53369 4 62478 2739 123 371 349 77 38 120 31048 6786 6428 51 58776 197 128
53421 4 62478 2747 123 371 350 77 38 120 31048 6809 6451 51 58776 197 128
53473 4 62478 2755 123 371 351 77 38 120 31048 6832 6474 51 58776 197 128
53525 4 62478 2763 123 372 352 77 38 120 31048 6855 6497 51 58776 197 128
53577 4 62478 2771 123 372 353 77 38 120 31048 6878 6520 51 58776 197 128
53627 4 62512 2786 123 374 355 77 38 122 31050 6914 6554 51 58776 197 128
53677 4 62569 2802 123 379 358 77 38 126 31054 6963 6599 51 58776 197 128
53727 4 62587 2828 123 381 360 77 38 128 31055 7008 6642 51 58776 197 128
53777 4 62587 2844 123 383 361 77 38 128 31055 7039 6673 51 58776 197 128
53827 4 62617 2857 124 385 364 77 38 129 31059 7078 6711 51 58776 197 128
53878 4 62641 2876 124 386 366 77 38 130 31064 7116 6747 51 58776 197 128
53929 4 62641 2888 124 387 369 77 38 130 31064 7141 6772 51 58776 197 128
53979 4 62641 2895 124 387 370 77 38 130 31064 7163 6794 51 58776 197 128
54031 4 62641 2903 124 388 371 77 38 130 31064 7186 6817 51 58776 197 128
54083 4 62641 2911 124 388 372 77 38 130 31064 7209 6840 51 58776 197 128
54133 4 62641 2918 124 388 374 77 38 130 31064 7231 6862 51 58776 197 128
54183 4 62660 2942 124 390 376 77 38 132 31066 7275 6904 51 58776 197 128
54233 4 62698 2965 124 392 378 77 38 134 31072 7315 6942 51 58776 197 128
54283 4 62698 2978 124 393 378 77 38 134 31072 7343 6970 51 58776 197 128
54335 4 62716 2987 124 394 379 77 38 135 31072 7366 6992 51 58776 197 128
54385 4 62716 3004 124 394 379 77 38 135 31072 7405 7031 51 58776 197 128
54437 4 62722 3015 124 396 381 77 38 136 31073 7428 7053 51 58776 197 128
54488 4 62754 3037 124 398 385 77 38 138 31075 7480 7103 51 58776 197 128
54538 4 62837 3064 125 402 386 77 38 142 31100 7529 7148 51 58776 197 128
54588 4 62837 3076 125 403 387 77 38 142 31100 7564 7183 51 58776 197 128
54638 4 62837 3084 125 404 388 77 38 142 31100 7586 7205 51 58776 197 128
54690 4 62855 3096 125 406 389 77 38 144 31101 7612 7229 51 58776 197 128
54740 4 62855 3111 125 406 391 77 38 144 31101 7651 7268 51 58776 197 128
54792 4 62855 3119 125 407 392 77 38 144 31101 7674 7291 51 58776 197 128
54844 4 62855 3127 125 408 392 77 38 144 31101 7697 7314 51 58776 197 128
54894 4 62872 3141 125 409 393 77 38 145 31102 7731 7347 51 58776 197 128
54944 4 62893 3160 125 411 394 77 38 147 31105 7778 7392 51 58776 197 128
54996 4 62893 3170 125 411 396 77 38 147 31105 7807 7421 51 58776 197 128
55048 4 62893 3178 125 412 397 77 38 147 31105 7830 7444 51 58776 197 128
55100 4 62893 3187 125 413 399 77 38 147 31105 7853 7467 51 58776 197 128
55152 4 62893 3196 125 414 400 77 38 147 31105 7876 7490 51 58776 197 128
55204 4 62893 3204 125 415 402 77 38 147 31105 7899 7513 51 58776 197 128
55256 4 62893 3212 125 415 403 77 38 147 31105 7922 7536 51 58776 197 128
55306 4 62893 3219 125 415 404 77 38 147 31105 7944 7558 51 58776 197 128
55357 4 62918 3239 125 418 405 77 38 150 31108 7982 7593 51 58776 197 128
55407 4 62956 3266 125 422 409 77 38 154 31112 8032 7639 51 58776 197 128
55459 4 62956 3278 125 422 414 77 38 154 31112 8068 7675 51 58776 197 128
55509 4 62956 3288 125 422 416 77 38 154 31112 8089 7696 51 58776 197 128
55559 4 62956 3296 125 422 417 77 38 154 31112 8111 7718 51 58776 197 128
55609 4 62956 3302 125 422 419 77 38 154 31112 8133 7740 51 58776 197 128
55659 4 62956 3309 125 422 421 77 38 154 31112 8155 7762 51 58776 197 128
55709 4 63140 3332 125 425 422 77 38 156 31127 8199 7796 51 58776 197 128
55761 4 63140 3345 125 426 422 77 38 156 31127 8228 7825 51 58776 197 128
55813 4 63140 3354 125 427 423 77 38 156 31127 8251 7848 51 58776 197 128
55865 4 63140 3362 125 428 424 77 38 156 31127 8274 7871 51 58776 197 128
55915 4 63164 3374 125 431 425 77 38 158 31128 8307 7902 51 58776 197 128
55966 4 63164 3386 125 431 426 77 38 158 31128 8338 7933 51 58776 197 128
56016 4 63164 3394 125 431 427 77 38 158 31128 8360 7955 51 58776 197 128
56066 4 63164 3402 125 432 429 77 38 158 31128 8382 7977 51 58776 197 128
56118 4 63164 3409 125 433 431 77 38 158 31128 8405 8000 51 58776 197 128
56170 4 63164 3417 125 433 432 77 38 158 31128 8428 8023 51 58776 197 128
56220 4 63164 3424 125 433 433 77 38 158 31128 8450 8045 51 58776 197 128
56272 4 63164 3433 125 433 435 77 38 158 31128 8473 8068 51 58776 197 128
56324 4 63164 3442 125 433 436 77 38 158 31128 8496 8091 51 58776 197 128
56376 4 63164 3450 125 434 437 77 38 158 31128 8519 8114 51 58776 197 128
56426 4 63292 3468 125 438 439 77 38 160 31257 8558 8150 51 58776 197 128
56477 4 63292 3479 125 438 440 77 38 160 31257 8586 8178 51 58776 197 128
56527 4 63292 3487 125 438 441 77 38 160 31257 8608 8200 51 58776 197 128
56579 4 63292 3495 125 439 443 77 38 160 31257 8631 8223 51 58776 197 128
56631 4 63292 3503 125 439 444 77 38 160 31257 8654 8246 51 58776 197 128
56682 4 63718 3524 127 442 444 77 38 162 31423 8694 8280 51 58776 197 128
56732 4 63718 3533 127 442 447 77 38 162 31423 8717 8303 51 58776 197 128
56784 4 63718 3541 127 443 448 77 38 162 31423 8740 8326 51 58776 197 128
56834 4 63769 3556 127 446 452 77 38 164 31502 8777 8361 51 58776 197 128
56885 4 63769 3571 127 446 454 77 38 164 31502 8813 8397 51 58776 197 128
56935 4 63769 3579 127 446 455 77 38 164 31502 8835 8419 51 58776 197 128
57002 4 64250 3590 127 459 456 77 38 165 34187 8862 8441 52 59257 202 134
57052 4 64250 3608 127 460 456 77 38 165 34187 8901 8480 52 59257 202 134
57104 4 64250 3615 127 461 458 77 38 165 34187 8924 8503 52 59257 202 134
57153 4 64250 3623 127 461 459 77 38 165 34187 8946 8525 52 59257 202 134
57203 4 64250 3631 127 461 460 77 38 165 34187 8968 8547 52 59257 202 134
57253 4 64250 3639 127 461 461 77 38 165 34187 8990 8569 52 59257 202 134
57303 4 64251 3650 128 463 463 77 38 166 34188 9022 8600 52 59257 202 134
57353 4 64252 3664 128 468 465 77 38 167 34189 9061 8638 52 59257 202 134
57404 4 64254 3681 128 470 469 77 38 169 34191 9102 8677 52 59257 202 134
57454 4 64256 3704 128 472 472 77 38 171 34193 9144 8717 52 59257 202 134
57505 4 64256 3720 128 473 473 77 38 171 34193 9180 8753 52 59257 202 134
57556 4 64256 3727 128 474 475 77 38 171 34193 9202 8775 52 59257 202 134
57606 4 64260 3740 128 475 475 77 38 172 34196 9241 8813 52 59257 202 134
57657 4 64260 3750 128 476 475 77 38 172 34196 9264 8836 52 59257 202 134
57707 4 64490 3763 129 480 477 78 39 174 34198 9302 8871 52 59257 202 134
57757 4 64490 3779 129 482 479 78 39 174 34198 9336 8905 52 59257 202 134
57807 4 64490 3786 129 482 480 78 39 174 34198 9358 8927 52 59257 202 134
57859 4 64490 3794 129 483 481 78 39 174 34198 9381 8950 52 59257 202 134
57911 4 64490 3802 129 483 482 78 39 174 34198 9404 8973 52 59257 202 134
57961 4 64490 3811 129 484 483 78 39 174 34198 9426 8995 52 59257 202 134
58011 4 64490 3820 129 485 484 78 39 174 34198 9448 9017 52 59257 202 134
58061 4 64490 3828 129 485 485 78 39 174 34198 9470 9039 52 59257 202 134
58113 4 64490 3836 129 486 486 78 39 174 34198 9493 9062 52 59257 202 134
58165 4 64490 3844 129 486 487 78 39 174 34198 9516 9085 52 59257 202 134
58217 4 64490 3852 129 487 488 78 39 174 34198 9539 9108 52 59257 202 134
58278 4 64892 3864 130 495 489 78 39 175 36704 9565 9130 53 59659 207 139
58328 4 64892 3878 130 495 491 78 39 175 36704 9604 9169 53 59659 207 139
58380 4 64892 3886 130 496 492 78 39 175 36704 9627 9192 53 59659 207 139
58430 4 64892 3894 130 496 494 78 39 175 36704 9649 9214 53 59659 207 139
58482 4 64892 3903 130 496 495 78 39 175 36704 9672 9237 53 59659 207 139
58532 4 64892 3914 130 496 495 78 39 175 36704 9694 9259 53 59659 207 139
58582 4 64892 3921 130 497 496 78 39 175 36704 9716 9281 53 59659 207 139
58634 4 64892 3929 130 497 498 78 39 175 36704 9739 9304 53 59659 207 139
58686 4 64892 3937 130 498 499 78 39 175 36704 9762 9327 53 59659 207 139
58738 4 64892 3945 130 498 500 78 39 175 36704 9785 9350 53 59659 207 139
58790 4 64892 3953 130 499 501 78 39 175 36704 9808 9373 53 59659 207 139
58842 4 64892 3961 130 500 503 78 39 175 36704 9831 9396 53 59659 207 139
58894 4 64892 3969 130 501 505 78 39 175 36704 9854 9419 53 59659 207 139
58946 4 64892 3977 130 502 507 78 39 175 36704 9877 9442 53 59659 207 139
58998 4 64892 3985 130 502 508 78 39 175 36704 9900 9465 53 59659 207 139
59048 4 64892 3992 130 503 509 78 39 175 36704 9922 9487 53 59659 207 139
59098 4 64893 4003 130 504 511 78 39 176 36705 9954 9518 53 59659 207 139
59148 4 64895 4017 130 507 515 78 39 178 36707 9988 9550 53 59659 207 139
59199 4 64895 4030 130 508 517 78 39 178 36707 10024 9586 53 59659 207 139
59249 4 65138 4052 130 511 520 78 39 180 36709 10069 9623 53 59659 207 139
59299 4 67199 4069 134 517 521 78 39 181 37411 10105 9654 54 61720 211 140
59350 4 67199 4080 134 517 522 78 39 181 37411 10130 9679 54 61720 211 140
59400 4 67199 4088 134 518 523 78 39 181 37411 10152 9701 54 61720 211 140
59452 4 72520 4105 140 528 523 78 39 183 39151 10176 9716 56 67041 218 142
59503 4 72520 4120 140 528 525 78 39 183 39151 10215 9755 56 67041 218 142
59556 4 74584 4133 142 531 527 78 39 184 39636 10235 9767 57 69105 221 143
59606 4 74584 4143 142 533 529 78 39 184 39636 10274 9806 57 69105 221 143
59658 4 74584 4151 142 533 530 78 39 184 39636 10297 9829 57 69105 221 143
59710 4 74584 4159 142 533 531 78 39 184 39636 10320 9852 57 69105 221 143
59760 4 74584 4166 142 534 532 78 39 184 39636 10342 9874 57 69105 221 143
59812 4 74584 4174 142 534 533 78 39 184 39636 10365 9897 57 69105 221 143
59864 4 74584 4182 142 535 534 78 39 184 39636 10388 9920 57 69105 221 143
59916 4 74584 4190 142 535 535 78 39 184 39636 10411 9943 57 69105 221 143
59966 4 79538 4207 149 539 536 78 39 186 40409 10429 9954 59 74059 229 145
60017 4 84807 4226 154 547 537 78 39 188 41385 10463 9983 61 79328 236 147
60068 4 84807 4236 154 547 538 78 39 188 41385 10488 10008 61 79328 236 147
60118 4 84807 4244 154 547 539 78 39 188 41385 10510 10030 61 79328 236 147
60168 4 84807 4252 154 547 540 78 39 188 41385 10532 10052 61 79328 236 147
60218 4 84807 4259 154 548 541 78 39 188 41385 10554 10074 61 79328 236 147
60268 4 86043 4270 155 550 543 78 39 189 41518 10576 10093 62 80564 240 149
60319 4 86043 4287 155 552 543 78 39 189 41518 10613 10121 62 80564 240 149
60374 4 90138 4300 160 557 544 78 39 190 42485 10633 10140 63 84659 246 150
60424 4 93324 4317 164 561 547 78 39 192 43110 10670 10174 65 87845 252 153
60474 4 98330 4339 170 570 548 78 39 195 44364 10698 10193 68 92851 261 157
60524 4 98330 4356 170 570 548 78 39 195 44364 10736 10231 68 92851 261 157
60576 4 98330 4364 170 570 549 78 39 195 44364 10759 10254 68 92851 261 157
60628 4 98330 4372 170 570 550 78 39 195 44364 10782 10277 68 92851 261 157
60678 4 98330 4379 170 570 551 78 39 195 44364 10804 10299 68 92851 261 157
60729 4 100983 4401 174 575 552 79 39 199 44688 10839 10325 69 95122 265 158
60780 4 100983 4412 174 575 554 79 39 199 44688 10867 10353 69 95122 265 158
60830 4 100983 4420 174 575 555 79 39 199 44688 10889 10375 69 95122 265 158
60882 4 100983 4428 174 575 556 79 39 199 44688 10912 10398 69 95122 265 158
60934 4 100983 4436 174 575 557 79 39 199 44688 10935 10421 69 95122 265 158
60986 4 100983 4444 174 576 558 79 39 199 44688 10958 10444 69 95122 265 158
61038 4 100983 4451 174 577 560 79 39 199 44688 10981 10467 69 95122 265 158
61088 4 100983 4458 174 577 562 79 39 199 44688 11003 10489 69 95122 265 158
61138 4 100986 4485 174 580 564 79 39 202 44691 11049 10532 69 95122 265 158
61189 4 100987 4508 174 581 568 79 39 203 44692 11088 10570 69 95122 265 158
61239 4 100987 4514 174 581 569 79 39 203 44692 11111 10593 69 95122 265 158
61289 4 100987 4522 174 581 570 79 39 203 44692 11133 10615 69 95122 265 158
61342 4 100988 4531 174 583 571 79 39 204 44693 11156 10637 69 95122 265 158
61392 4 100990 4553 174 587 575 79 39 206 44695 11204 10683 69 95122 265 158
61443 4 100991 4579 174 588 576 79 39 207 44696 11248 10726 69 95122 265 158
61493 4 100991 4588 174 589 577 79 39 207 44696 11271 10749 69 95122 265 158
61543 4 100991 4595 174 589 578 79 39 207 44696 11293 10771 69 95122 265 158
61593 4 101002 4600 175 593 582 80 40 208 44697 11320 10797 69 95122 265 158
61644 4 101221 4614 176 594 582 80 40 209 44698 11365 10840 69 95122 265 158
61694 4 101221 4624 176 595 583 80 40 209 44698 11388 10863 69 95122 265 158
61744 4 102036 4642 177 599 586 88 40 211 44986 11419 10884 70 95720 270 162
61797 4 102762 4661 180 604 588 96 41 212 45303 11455 10917 71 96446 274 164
61847 4 103982 4686 183 609 589 105 41 215 45678 11500 10955 73 97453 280 168
61898 4 103982 4696 183 609 592 105 41 215 45678 11527 10982 73 97453 280 168
61948 4 104625 4709 184 611 593 106 41 217 45708 11552 11003 74 98080 282 170
61998 4 104625 4727 184 611 596 106 41 217 45708 11589 11040 74 98080 282 170
62050 4 104625 4735 184 612 597 106 41 217 45708 11612 11063 74 98080 282 170
62100 4 104625 4745 184 612 598 106 41 217 45708 11634 11085 74 98080 282 170
62153 4 106483 4775 187 617 600 110 43 222 45769 11677 11119 77 99916 291 178
62204 4 107412 4796 188 621 603 112 44 225 45800 11727 11164 79 100834 294 183
62254 4 107412 4808 188 621 603 112 44 225 45800 11755 11192 79 100834 294 183
62304 4 107412 4815 188 622 604 112 44 225 45800 11777 11214 79 100834 294 183
62356 4 107412 4824 188 623 605 112 44 225 45800 11800 11237 79 100834 294 183
62408 4 107412 4832 188 624 606 112 44 225 45800 11823 11260 79 100834 294 183
62460 4 107412 4840 188 624 607 112 44 225 45800 11846 11283 79 100834 294 183
62510 4 108041 4854 189 627 608 112 44 227 45802 11879 11314 81 101463 297 187
62560 4 108052 4872 190 631 611 113 45 228 45803 11921 11345 81 101463 297 187
62614 4 112124 4895 203 641 612 157 53 230 47786 11937 11355 83 105535 315 191
62664 4 112124 4906 203 643 614 157 53 230 47786 11976 11394 83 105535 315 191
62716 4 112124 4915 203 643 614 157 53 230 47786 11999 11417 83 105535 315 191
62766 4 112124 4922 203 644 615 157 53 230 47786 12021 11439 83 105535 315 191
62818 4 112124 4930 203 644 616 157 53 230 47786 12044 11462 83 105535 315 191
62870 4 112124 4938 203 645 617 157 53 230 47786 12067 11485 83 105535 315 191
62922 4 112124 4946 203 645 618 157 53 230 47786 12090 11508 83 105535 315 191
62974 4 112124 4954 203 645 619 157 53 230 47786 12113 11531 83 105535 315 191
63026 4 112124 4962 203 645 621 157 53 230 47786 12136 11554 83 105535 315 191
63076 4 112124 4970 203 646 621 157 53 230 47786 12158 11576 83 105535 315 191
63128 4 112124 4978 203 647 622 157 53 230 47786 12181 11599 83 105535 315 191
63180 4 112124 4987 203 647 623 157 53 230 47786 12204 11622 83 105535 315 191
63230 4 112437 4997 204 648 625 157 53 231 47787 12226 11643 84 105848 317 193
63280 4 112753 5019 205 649 627 157 53 232 47788 12274 11690 85 106164 319 195
63330 4 113394 5039 206 651 632 157 53 234 47790 12318 11732 87 106805 322 199
63380 4 113394 5047 206 651 634 157 53 234 47790 12348 11762 87 106805 322 199
63430 4 113657 5067 207 655 637 160 53 237 47820 12389 11799 87 106805 322 199
63480 4 114008 5084 207 656 639 160 53 238 47836 12432 11840 88 107156 324 202
63530 4 114008 5096 207 656 640 160 53 238 47836 12455 11863 88 107156 324 202
63580 4 114008 5104 207 657 641 160 53 238 47836 12477 11885 88 107156 324 202
63630 4 114008 5111 207 657 642 160 53 238 47836 12499 11907 88 107156 324 202
63682 4 114008 5119 207 658 643 160 53 238 47836 12522 11930 88 107156 324 202
63734 4 114008 5127 207 658 644 160 53 238 47836 12545 11953 88 107156 324 202
63786 4 114008 5135 207 658 645 160 53 238 47836 12568 11976 88 107156 324 202
63838 4 114008 5143 207 658 646 160 53 238 47836 12591 11999 88 107156 324 202
63888 4 114008 5149 207 659 647 160 53 238 47836 12613 12021 88 107156 324 202
