# cols t where got pump parse flush keys nscroll tscroll nflush ncells reads e1e bursts bbytes bcs breads
# snapshots=98 every=50cs drain=1024 rmax=64 fastmv=-1
1245275 4 0 0 0 1 0 0 0 1 1 1 1 0 0 0 0
1245325 4 349 21 0 3 3 0 0 2 37 51 45 1 349 5 7
1245377 4 349 30 0 4 5 0 0 2 37 76 70 1 349 5 7
1245427 4 349 36 0 4 8 0 0 2 37 98 92 1 349 5 7
1245477 4 349 46 0 5 8 0 0 2 37 120 114 1 349 5 7
1245527 4 349 55 0 5 8 0 0 2 37 142 136 1 349 5 7
1245578 4 351 78 0 8 10 0 0 4 39 185 177 1 349 5 7
1245631 4 662 91 1 10 13 0 0 6 82 222 208 2 649 9 13
1245687 4 1862 122 1 17 13 0 0 9 838 279 245 5 1849 28 36
1245737 4 1862 139 1 17 15 0 0 9 838 318 284 5 1849 28 36
1245787 4 2617 160 1 19 16 0 0 10 1089 355 309 6 2604 38 49
1245837 4 2617 176 1 21 16 0 0 10 1089 386 340 6 2604 38 49
1245887 4 2617 185 1 22 16 0 0 10 1089 408 362 6 2604 38 49
1245937 4 2617 193 1 23 17 0 0 10 1089 430 384 6 2604 38 49
1245987 4 2619 214 1 26 18 0 0 12 1091 471 423 6 2604 38 49
1246037 4 2630 226 1 28 22 0 0 13 1092 499 450 6 2604 38 49
1246089 4 3221 268 2 30 23 0 0 15 1109 525 465 7 3194 74 60
1246139 4 3222 289 2 31 27 0 0 16 1110 572 511 7 3194 74 60
1246189 4 3222 297 2 31 29 0 0 16 1110 596 535 7 3194 74 60
1246241 4 3222 306 2 31 30 0 0 16 1110 619 558 7 3194 74 60
1246296 4 3833 347 3 35 31 0 0 18 1371 647 575 8 3794 109 71
1246346 4 4733 374 4 41 33 0 0 21 1959 699 612 11 4694 122 89
1246396 4 4733 389 4 41 36 0 0 21 1959 736 649 11 4694 122 89
1246456 4 5633 414 8 47 37 3 1 23 2689 779 677 13 5594 136 106
1246506 4 7041 445 21 55 38 19 12 26 4022 826 701 14 6682 154 123
1246556 4 7041 457 21 56 39 19 12 26 4022 862 737 14 6682 154 123
1246606 4 7041 465 21 57 40 19 12 26 4022 884 759 14 6682 154 123
1246656 4 7041 471 21 58 42 19 12 26 4022 906 781 14 6682 154 123
1246706 4 7041 479 21 59 44 19 12 26 4022 928 803 14 6682 154 123
1246758 4 7041 488 21 60 45 19 12 26 4022 951 826 14 6682 154 123
1246809 4 7042 503 21 61 47 19 12 27 4023 985 859 14 6682 154 123
1246860 4 7043 521 21 62 49 19 12 28 4024 1026 899 14 6682 154 123
1246910 4 7043 530 21 64 49 19 12 28 4024 1051 924 14 6682 154 123
1246961 4 7045 549 21 66 54 19 12 30 4026 1097 968 14 6682 154 123
1247011 4 7045 558 21 66 55 19 12 30 4026 1122 993 14 6682 154 123
1247089 4 7648 608 26 74 56 20 12 32 6654 1158 1018 15 7274 192 134
1247140 4 9731 643 27 81 56 20 12 34 7433 1211 1038 17 9357 221 168
1247194 4 11343 692 30 86 56 20 12 36 8004 1238 1039 19 10969 270 195
1247259 4 12731 728 32 92 57 20 12 38 8496 1302 1081 21 12357 289 218
1247309 4 13143 746 33 96 59 20 12 40 8641 1345 1117 22 12657 293 224
1247364 4 13443 758 33 98 60 20 12 41 8734 1373 1140 23 12957 298 230
1247432 4 14343 808 35 103 61 20 12 43 9044 1414 1166 25 13857 338 247
1247489 4 15431 836 38 107 62 20 12 44 9428 1464 1199 26 14945 353 264
1247539 4 17943 877 41 114 62 20 12 47 10283 1515 1210 29 17457 388 306
1247602 4 19031 929 47 117 63 21 16 48 11218 1545 1223 30 18545 435 323
1247652 4 20343 960 47 122 64 21 16 50 11672 1598 1255 32 19857 453 346
1247702 4 21843 990 50 125 65 22 16 52 12198 1644 1277 34 21357 473 371
1247754 4 21843 1003 50 126 68 22 16 52 12198 1678 1311 34 21357 473 371
1247811 4 22143 1016 51 127 69 22 16 53 12295 1706 1334 35 21657 478 377
1247880 4 24843 1068 64 135 70 24 24 56 13604 1768 1353 38 24357 522 422
1247930 4 25743 1101 65 138 72 24 24 58 13875 1819 1389 40 25257 536 439
1248010 4 26831 1156 66 140 74 24 24 59 14181 1865 1418 41 26345 578 456
1248061 4 27543 1183 67 145 75 25 24 61 14600 1916 1457 43 27057 589 470
1248112 4 28143 1203 68 149 77 25 24 63 14757 1958 1489 45 27657 597 482
1248162 4 28143 1219 68 149 79 25 24 63 14757 1997 1528 45 27657 597 482
1248214 4 28143 1227 68 149 80 25 24 63 14757 2020 1551 45 27657 597 482
1248279 4 29343 1252 71 152 81 25 24 65 15141 2063 1574 47 28857 616 504
1248329 4 29787 1271 74 170 82 25 24 67 19779 2100 1603 48 29157 620 510
1248380 4 29787 1280 74 170 83 25 24 67 19779 2134 1637 48 29157 620 510
1248430 4 29787 1290 74 170 83 25 24 67 19779 2156 1659 48 29157 620 510
1248480 4 29787 1298 74 172 84 25 24 67 19779 2178 1681 48 29157 620 510
1248530 4 29787 1305 74 172 85 25 24 67 19779 2200 1703 48 29157 620 510
1248582 4 29787 1313 74 172 86 25 24 67 19779 2223 1726 48 29157 620 510
1248632 4 29787 1320 74 172 88 25 24 67 19779 2245 1748 48 29157 620 510
1248682 4 29787 1328 74 172 89 25 24 67 19779 2267 1770 48 29157 620 510
1248732 4 29787 1336 74 173 90 25 24 67 19779 2289 1792 48 29157 620 510
1248782 4 29787 1344 74 173 90 25 24 67 19779 2311 1814 48 29157 620 510
1248832 4 29789 1362 74 176 92 25 24 69 19781 2344 1845 48 29157 620 510
1248883 4 29789 1374 74 177 92 25 24 69 19781 2380 1881 48 29157 620 510
1248933 4 30100 1399 75 181 94 28 24 71 20030 2424 1919 49 29457 625 516
1248984 4 30100 1412 75 182 95 28 24 71 20030 2449 1944 49 29457 625 516
1249034 4 30100 1419 75 183 96 28 24 71 20030 2471 1966 49 29457 625 516
1249133 4 31188 1471 88 188 97 45 32 72 21419 2509 1987 50 30545 670 533
1249183 4 32200 1498 94 195 98 62 35 73 22786 2552 2014 51 31557 687 550
1249233 4 32200 1506 94 195 99 62 35 73 22786 2577 2039 51 31557 687 550
1249283 4 32200 1515 94 195 99 62 35 73 22786 2599 2061 51 31557 687 550
1249333 4 32800 1538 94 200 100 71 35 75 23557 2640 2092 53 32157 698 562
1249385 4 32800 1548 94 201 102 71 35 75 23557 2676 2128 53 32157 698 562
1249435 4 32800 1556 94 201 102 71 35 75 23557 2698 2150 53 32157 698 562
1249487 4 32800 1564 94 201 103 71 35 75 23557 2721 2173 53 32157 698 562
1249537 4 32800 1571 94 201 106 71 35 75 23557 2743 2195 53 32157 698 562
1249587 4 32800 1581 94 202 106 71 35 75 23557 2765 2217 53 32157 698 562
1249639 4 32800 1589 94 202 107 71 35 75 23557 2788 2240 53 32157 698 562
1249691 4 32800 1597 94 202 108 71 35 75 23557 2811 2263 53 32157 698 562
1249741 4 32800 1605 94 202 110 71 35 75 23557 2833 2285 53 32157 698 562
1249791 4 32800 1612 94 202 111 71 35 75 23557 2855 2307 53 32157 698 562
1249843 4 32800 1621 94 202 113 71 35 75 23557 2878 2330 53 32157 698 562
1249893 4 32800 1629 94 202 114 71 35 75 23557 2900 2352 53 32157 698 562
1249943 4 32800 1636 94 202 116 71 35 75 23557 2922 2374 53 32157 698 562
1249993 4 32800 1645 94 202 117 71 35 75 23557 2944 2396 53 32157 698 562
1250053 4 33608 1663 103 206 119 78 38 76 24154 2977 2416 54 32965 710 576
1250103 4 33608 1676 103 207 122 78 38 76 24154 3016 2455 54 32965 710 576
1250153 4 33608 1683 103 208 124 78 38 76 24154 3038 2477 54 32965 710 576
1250205 4 33608 1691 103 209 125 78 38 76 24154 3061 2500 54 32965 710 576
1250255 4 33608 1698 103 209 127 78 38 76 24154 3083 2522 54 32965 710 576
1250305 4 33608 1705 103 209 128 78 38 76 24154 3105 2544 54 32965 710 576
1250357 4 33608 1713 103 209 129 78 38 76 24154 3128 2567 54 32965 710 576
1250407 4 33608 1722 103 209 131 78 38 76 24154 3150 2589 54 32965 710 576
