# cols t where got pump parse flush keys nscroll tscroll nflush ncells reads e1e bursts bbytes bcs breads
# snapshots=86 every=50cs drain=1024 rmax=64 fastmv=-1
773843 4 0 1 0 1 0 0 0 1 1 262 222 0 0 0 0
773896 4 598 23 1 6 1 0 0 3 200 311 263 2 598 5 6
773946 4 3406 49 7 16 4 0 0 9 1012 354 283 5 2703 17 19
773998 4 3406 61 7 18 7 0 0 9 1012 390 319 5 2703 17 19
774050 4 3406 69 7 18 8 0 0 9 1012 413 342 5 2703 17 19
774102 4 3406 78 7 19 9 0 0 9 1012 436 365 5 2703 17 19
774154 4 3406 87 7 19 10 0 0 9 1012 459 388 5 2703 17 19
774204 4 3406 94 7 19 11 0 0 9 1012 481 410 5 2703 17 19
774256 4 3406 102 7 19 12 0 0 9 1012 504 433 5 2703 17 19
774308 4 3406 111 7 20 13 0 0 9 1012 527 456 5 2703 17 19
774358 4 3406 118 7 20 15 0 0 9 1012 549 478 5 2703 17 19
774410 4 3406 126 7 21 16 0 0 9 1012 572 501 5 2703 17 19
774460 4 3719 141 8 22 17 0 0 10 1013 604 532 6 3016 19 21
774510 4 4676 160 9 26 20 0 0 13 1016 651 576 9 3973 24 27
774562 4 4676 175 9 26 24 0 0 13 1016 688 613 9 3973 24 27
774613 4 5001 194 10 28 24 0 0 14 1017 727 651 10 4298 25 29
774665 4 5345 203 10 30 26 0 0 15 1021 750 673 11 4642 27 31
774715 4 5345 220 10 30 26 0 0 15 1021 789 712 11 4642 27 31
774768 4 7656 240 10 36 28 0 0 18 1905 827 736 13 6942 40 44
774818 4 8973 261 11 39 30 0 0 20 2032 872 776 15 8259 47 51
774868 4 8973 270 11 41 33 0 0 20 2032 905 809 15 8259 47 51
774918 4 8973 277 11 43 34 0 0 20 2032 927 831 15 8259 47 51
774970 4 8973 285 11 43 35 0 0 20 2032 950 854 15 8259 47 51
775020 4 8973 293 11 43 36 0 0 20 2032 972 876 15 8259 47 51
775072 4 8973 301 11 45 37 0 0 20 2032 995 899 15 8259 47 51
775122 4 8973 308 11 46 38 0 0 20 2032 1017 921 15 8259 47 51
775172 4 8973 316 11 46 39 0 0 20 2032 1039 943 15 8259 47 51
775224 4 8973 324 11 46 40 0 0 20 2032 1062 966 15 8259 47 51
775274 4 8973 332 11 46 41 0 0 20 2032 1084 988 15 8259 47 51
775326 4 8973 340 11 46 43 0 0 20 2032 1107 1011 15 8259 47 51
775377 4 9286 357 11 48 46 0 0 21 2033 1144 1047 16 8572 48 53
775428 4 9602 370 12 51 49 0 0 22 2034 1184 1086 17 8888 50 55
775479 4 10243 386 14 54 51 0 0 24 2036 1222 1122 19 9529 53 59
775531 4 10243 400 14 56 51 0 0 24 2036 1248 1148 19 9529 53 59
775587 4 17165 421 23 75 51 0 0 28 7445 1268 1151 21 16187 61 61
775645 4 26889 450 34 89 53 0 0 31 10389 1298 1162 24 25911 73 64
775695 4 35081 478 43 98 54 0 0 34 11365 1328 1174 27 34103 85 67
775747 4 39176 502 48 101 55 0 0 35 11575 1359 1198 28 38198 91 68
775797 4 41739 524 50 105 55 0 0 36 11921 1396 1224 29 40761 94 69
775847 4 47368 547 57 111 55 0 0 38 12693 1417 1232 31 46390 102 71
775897 4 54026 569 64 116 57 0 0 40 13232 1448 1253 33 53048 110 73
775947 4 58121 591 69 119 59 0 0 41 13247 1485 1287 34 57143 115 74
775997 4 58121 603 69 119 60 0 0 41 13247 1508 1310 34 57143 115 74
776050 4 76037 634 85 126 63 0 0 47 13322 1525 1312 40 75059 138 80
776100 4 82695 662 93 129 65 0 0 49 13387 1562 1343 42 81717 147 82
776152 4 90887 684 100 134 67 0 0 52 13461 1583 1358 45 89909 157 85
776202 4 107269 719 116 141 68 0 0 57 13616 1607 1365 50 106291 177 90
776253 4 108803 738 118 142 69 0 0 58 13618 1642 1398 51 107825 180 91
776303 4 112750 758 122 143 69 0 0 59 13622 1679 1433 52 111772 185 92
776357 4 116949 775 127 146 70 0 0 61 13666 1703 1451 53 115867 190 93
776410 4 133548 811 144 154 70 0 0 67 14000 1728 1459 58 132211 211 99
776460 4 133652 834 144 156 71 0 0 68 14001 1775 1505 58 132211 211 99
776510 4 133652 850 144 156 72 0 0 68 14001 1805 1535 58 132211 211 99
776564 4 141740 870 152 160 73 0 0 71 14049 1827 1549 60 140195 221 101
776614 4 150138 896 160 163 75 0 0 74 14126 1863 1577 62 148385 231 103
776664 4 154668 921 165 166 75 0 0 77 14131 1905 1615 64 152811 238 106
776715 4 154668 932 165 167 76 0 0 77 14131 1933 1643 64 152811 238 106
776767 4 162756 951 173 172 77 0 0 80 14215 1955 1656 66 160795 248 108
776817 4 171154 981 181 178 79 0 0 83 14387 1993 1684 68 168938 257 110
776867 4 175664 1002 186 180 82 0 0 85 14390 2031 1718 70 173448 265 114
776917 4 175664 1008 186 180 85 0 0 85 14390 2059 1746 70 173448 265 114
776967 4 183752 1028 194 184 86 0 0 88 14441 2080 1757 72 181432 275 116
777017 4 196653 1063 207 190 89 0 0 93 14536 2112 1779 76 194125 292 121
777067 4 196757 1078 207 192 91 0 0 94 14537 2153 1819 76 194125 292 121
777117 4 196757 1088 207 193 94 0 0 94 14537 2180 1846 76 194125 292 121
777167 4 204845 1107 215 197 96 0 0 97 14648 2201 1857 78 202109 302 123
777220 4 217948 1140 228 203 97 0 0 102 14747 2234 1877 82 215004 319 128
777270 4 218052 1156 228 207 99 0 0 103 14749 2283 1925 82 215004 319 128
777320 4 218052 1165 228 208 101 0 0 103 14749 2309 1951 82 215004 319 128
777371 4 218156 1179 228 211 103 0 0 104 14750 2344 1982 82 215004 319 128
777423 4 238380 1217 249 218 104 0 0 110 14904 2363 1985 87 234973 341 133
777474 4 239622 1232 251 237 105 0 0 112 20025 2392 2005 88 235986 345 135
777524 4 240249 1254 252 238 107 0 0 113 20054 2431 2043 89 236613 347 137
777575 4 240249 1263 252 239 108 0 0 113 20054 2454 2066 89 236613 347 137
777625 4 240249 1270 252 239 109 0 0 113 20054 2476 2088 89 236613 347 137
777677 4 240249 1279 252 240 110 0 0 113 20054 2499 2111 89 236613 347 137
777729 4 240249 1288 252 240 110 0 0 113 20054 2522 2134 89 236613 347 137
777779 4 240249 1296 252 241 111 0 0 113 20054 2544 2156 89 236613 347 137
777829 4 240249 1304 252 241 112 0 0 113 20054 2566 2178 89 236613 347 137
777879 4 240249 1311 252 241 113 0 0 113 20054 2588 2200 89 236613 347 137
777929 4 240249 1319 252 242 113 0 0 113 20054 2610 2222 89 236613 347 137
777980 4 240562 1331 253 244 114 0 0 114 20055 2643 2254 90 236926 349 139
778030 4 240878 1348 254 247 117 0 0 115 20056 2684 2294 91 237242 351 141
778080 4 241197 1360 254 248 119 0 0 116 20057 2720 2329 92 237561 353 143
778131 4 241519 1374 255 249 125 0 0 117 20058 2759 2367 93 237883 355 145
778181 4 241530 1383 255 250 127 0 0 118 20059 2786 2393 93 237883 355 145
