# cols t where got pump parse flush keys nscroll tscroll nflush ncells reads e1e bursts bbytes bcs breads
# snapshots=384 every=50cs drain=1024 rmax=64 fastmv=-1
621748 4 0 0 0 1 0 0 0 1 1 1 1 0 0 0 0
621798 4 349 25 0 4 3 0 0 2 37 52 46 1 349 5 7
621850 4 349 40 0 5 3 0 0 2 37 78 72 1 349 5 7
621902 4 349 49 0 6 3 0 0 2 37 101 95 1 349 5 7
621954 4 349 57 0 7 4 0 0 2 37 124 118 1 349 5 7
622004 4 349 65 0 7 6 0 0 2 37 146 140 1 349 5 7
622054 4 349 73 0 8 7 0 0 2 37 168 162 1 349 5 7
622106 4 349 81 0 8 8 0 0 2 37 191 185 1 349 5 7
622156 4 349 90 0 9 9 0 0 2 37 213 207 1 349 5 7
622206 4 350 99 0 10 11 0 0 3 38 235 228 1 349 5 7
622257 4 351 120 0 11 16 0 0 4 39 281 273 1 349 5 7
622308 4 351 127 0 12 18 0 0 4 39 305 297 1 349 5 7
622359 4 351 134 0 12 20 0 0 4 39 327 319 1 349 5 7
622411 4 351 142 0 13 21 0 0 4 39 350 342 1 349 5 7
622463 4 351 150 0 13 22 0 0 4 39 373 365 1 349 5 7
622522 4 1201 193 1 16 23 0 0 5 431 395 372 2 1199 45 23
622577 4 2548 225 4 20 24 0 0 7 1046 446 401 4 2546 65 46
622627 4 2548 235 4 20 26 0 0 7 1046 485 440 4 2546 65 46
622679 4 2548 243 4 20 27 0 0 7 1046 508 463 4 2546 65 46
622729 4 2548 250 4 21 29 0 0 7 1046 530 485 4 2546 65 46
622779 4 2548 257 4 21 30 0 0 7 1046 552 507 4 2546 65 46
622831 4 2548 265 4 21 31 0 0 7 1046 575 530 4 2546 65 46
622881 4 2548 274 4 21 32 0 0 7 1046 597 552 4 2546 65 46
622931 4 2548 281 4 22 33 0 0 7 1046 619 574 4 2546 65 46
622981 4 2548 290 4 23 34 0 0 7 1046 641 596 4 2546 65 46
623033 4 2548 298 4 23 35 0 0 7 1046 664 619 4 2546 65 46
623083 4 2549 307 4 24 36 0 0 8 1047 686 640 4 2546 65 46
623133 4 2551 331 4 26 39 0 0 10 1049 731 683 4 2546 65 46
623183 4 2562 338 4 30 43 0 0 11 1050 760 711 4 2546 65 46
623233 4 3153 381 4 32 44 0 0 13 1067 784 724 5 3136 101 57
623284 4 3154 400 4 34 49 0 0 14 1068 828 767 5 3136 101 57
623335 4 3154 411 4 34 50 0 0 14 1068 851 790 5 3136 101 57
623387 4 3154 420 4 35 50 0 0 14 1068 874 813 5 3136 101 57
623437 4 4284 452 7 42 51 0 0 18 1673 922 841 8 4036 115 75
623536 4 5972 523 22 50 54 8 14 20 2745 975 867 10 5724 179 103
623586 4 6973 564 40 54 55 18 30 22 3096 1011 886 12 6725 210 122
623636 4 6973 576 40 55 55 18 30 22 3096 1041 916 12 6725 210 122
623686 4 6973 585 40 56 56 18 30 22 3096 1063 938 12 6725 210 122
623736 4 6973 593 40 56 57 18 30 22 3096 1085 960 12 6725 210 122
623786 4 6973 601 40 57 58 18 30 22 3096 1107 982 12 6725 210 122
623836 4 6973 608 40 57 59 18 30 22 3096 1129 1004 12 6725 210 122
623888 4 6973 616 40 57 60 18 30 22 3096 1152 1027 12 6725 210 122
623938 4 6973 625 40 58 61 18 30 22 3096 1174 1049 12 6725 210 122
623988 4 6973 633 40 58 61 18 30 22 3096 1196 1071 12 6725 210 122
624038 4 6973 643 40 58 61 18 30 22 3096 1218 1093 12 6725 210 122
624090 4 6974 652 40 60 63 18 30 23 3097 1241 1115 12 6725 210 122
624140 4 6975 674 40 61 66 18 30 24 3098 1287 1160 12 6725 210 122
624211 4 7586 707 53 65 68 26 42 26 3378 1331 1193 13 7325 230 133
624285 4 8674 776 84 69 68 43 68 27 4059 1349 1194 14 8413 299 150
624366 4 10474 850 131 75 68 71 114 29 5082 1384 1200 16 10213 369 180
624417 4 10794 871 131 77 72 71 114 31 5099 1432 1242 17 10473 373 186
624467 4 10794 880 131 78 74 71 114 31 5099 1456 1266 17 10473 373 186
624517 4 10794 888 131 78 75 71 114 31 5099 1478 1288 17 10473 373 186
624567 4 10794 897 131 79 76 71 114 31 5099 1500 1310 17 10473 373 186
624617 4 10794 906 131 79 77 71 114 31 5099 1522 1332 17 10473 373 186
624667 4 10794 916 131 79 77 71 114 31 5099 1544 1354 17 10473 373 186
624717 4 10794 923 131 80 78 71 114 31 5099 1566 1376 17 10473 373 186
624769 4 10794 931 131 81 80 71 114 31 5099 1589 1399 17 10473 373 186
624819 4 10794 939 131 81 82 71 114 31 5099 1611 1421 17 10473 373 186
624869 4 10794 947 131 82 83 71 114 31 5099 1633 1443 17 10473 373 186
624921 4 10794 955 131 83 84 71 114 31 5099 1656 1466 17 10473 373 186
624971 4 10794 966 131 83 84 71 114 31 5099 1678 1488 17 10473 373 186
625021 4 10794 973 131 84 84 71 114 31 5099 1700 1510 17 10473 373 186
625073 4 10794 981 131 85 86 71 114 31 5099 1723 1533 17 10473 373 186
625123 4 10794 992 131 86 86 71 114 31 5099 1745 1555 17 10473 373 186
625175 4 10794 1001 131 87 86 71 114 31 5099 1768 1578 17 10473 373 186
625225 4 10794 1008 131 87 87 71 114 31 5099 1790 1600 17 10473 373 186
625275 4 10794 1017 131 88 88 71 114 31 5099 1812 1622 17 10473 373 186
625327 4 10794 1025 131 88 89 71 114 31 5099 1835 1645 17 10473 373 186
625377 4 10794 1034 131 88 91 71 114 31 5099 1857 1667 17 10473 373 186
625427 4 10794 1041 131 88 92 71 114 31 5099 1879 1689 17 10473 373 186
625479 4 10794 1050 131 89 92 71 114 31 5099 1902 1712 17 10473 373 186
625529 4 10794 1057 131 90 94 71 114 31 5099 1924 1734 17 10473 373 186
625579 4 10795 1069 131 91 94 71 114 32 5100 1948 1757 17 10473 373 186
625631 4 10796 1090 131 92 99 71 114 33 5101 1992 1800 17 10473 373 186
625681 4 10798 1108 131 95 106 71 114 35 5103 2040 1846 17 10473 373 186
625732 4 10798 1118 131 95 107 71 114 35 5103 2066 1872 17 10473 373 186
625784 4 10800 1135 131 97 108 71 114 37 5105 2106 1910 17 10473 373 186
625835 4 10801 1150 131 100 111 71 114 38 5106 2145 1948 17 10473 373 186
625885 4 10802 1173 131 104 113 71 114 39 5107 2193 1995 17 10473 373 186
625935 4 10804 1194 131 106 114 71 114 41 5109 2236 2036 17 10473 373 186
625985 4 10805 1211 131 107 117 71 114 42 5110 2281 2080 17 10473 373 186
626035 4 10805 1220 131 107 119 71 114 42 5110 2305 2104 17 10473 373 186
626129 4 12164 1302 191 113 120 105 172 44 6363 2341 2117 19 11832 448 210
626179 4 12316 1331 201 115 121 111 181 45 6702 2376 2149 19 11832 448 210
626301 4 13684 1425 278 123 122 155 256 47 8130 2415 2166 21 13200 539 233
626401 4 14772 1520 336 128 122 188 312 48 9071 2432 2166 22 14288 634 250
626451 4 15312 1548 348 131 125 195 324 49 9370 2469 2194 23 14828 653 260
626501 4 15312 1556 348 132 126 195 324 49 9370 2494 2219 23 14828 653 260
626551 4 15312 1565 348 132 126 195 324 49 9370 2516 2241 23 14828 653 260
626601 4 15312 1574 348 133 127 195 324 49 9370 2538 2263 23 14828 653 260
626651 4 15312 1582 348 134 127 195 324 49 9370 2560 2285 23 14828 653 260
626701 4 15312 1589 348 134 128 195 324 49 9370 2582 2307 23 14828 653 260
626753 4 15312 1597 348 135 129 195 324 49 9370 2605 2330 23 14828 653 260
626803 4 15312 1604 348 136 132 195 324 49 9370 2627 2352 23 14828 653 260
626853 4 15312 1612 348 136 133 195 324 49 9370 2649 2374 23 14828 653 260
626905 4 15312 1621 348 136 134 195 324 49 9370 2672 2397 23 14828 653 260
626955 4 15312 1631 348 136 135 195 324 49 9370 2694 2419 23 14828 653 260
627007 4 15312 1639 348 136 136 195 324 49 9370 2717 2442 23 14828 653 260
627059 4 15312 1647 348 136 137 195 324 49 9370 2740 2465 23 14828 653 260
627109 4 15312 1653 348 136 139 195 324 49 9370 2762 2487 23 14828 653 260
627159 4 15312 1660 348 137 140 195 324 49 9370 2784 2509 23 14828 653 260
627211 4 15312 1668 348 138 142 195 324 49 9370 2807 2532 23 14828 653 260
627261 4 15312 1677 348 138 144 195 324 49 9370 2829 2554 23 14828 653 260
627311 4 15312 1685 348 138 145 195 324 49 9370 2851 2576 23 14828 653 260
627363 4 15312 1695 348 138 145 195 324 49 9370 2874 2599 23 14828 653 260
627413 4 15312 1702 348 139 147 195 324 49 9370 2896 2621 23 14828 653 260
627463 4 15312 1709 348 140 148 195 324 49 9370 2918 2643 23 14828 653 260
627513 4 15312 1716 348 141 149 195 324 49 9370 2940 2665 23 14828 653 260
627563 4 15312 1724 348 142 150 195 324 49 9370 2962 2687 23 14828 653 260
627613 4 15312 1732 348 142 152 195 324 49 9370 2984 2709 23 14828 653 260
627665 4 15312 1740 348 143 153 195 324 49 9370 3007 2732 23 14828 653 260
627715 4 15312 1748 348 144 154 195 324 49 9370 3029 2754 23 14828 653 260
627765 4 15312 1755 348 144 157 195 324 49 9370 3051 2776 23 14828 653 260
627815 4 15312 1764 348 144 158 195 324 49 9370 3073 2798 23 14828 653 260
627865 4 15312 1771 348 144 159 195 324 49 9370 3095 2820 23 14828 653 260
627917 4 15312 1780 348 144 160 195 324 49 9370 3118 2843 23 14828 653 260
627967 4 15312 1790 348 144 161 195 324 49 9370 3140 2865 23 14828 653 260
628019 4 15312 1799 348 144 162 195 324 49 9370 3163 2888 23 14828 653 260
628069 4 15312 1806 348 144 164 195 324 49 9370 3185 2910 23 14828 653 260
628119 4 15312 1814 348 144 164 195 324 49 9370 3207 2932 23 14828 653 260
628171 4 15312 1822 348 144 165 195 324 49 9370 3230 2955 23 14828 653 260
628223 4 15312 1830 348 145 166 195 324 49 9370 3253 2978 23 14828 653 260
628273 4 15312 1838 348 145 169 195 324 49 9370 3275 3000 23 14828 653 260
628323 4 15312 1846 348 145 170 195 324 49 9370 3297 3022 23 14828 653 260
628375 4 15312 1854 348 145 171 195 324 49 9370 3320 3045 23 14828 653 260
628425 4 15312 1863 348 146 171 195 324 49 9370 3342 3067 23 14828 653 260
628477 4 15312 1871 348 147 172 195 324 49 9370 3365 3090 23 14828 653 260
628529 4 15312 1879 348 148 174 195 324 49 9370 3388 3113 23 14828 653 260
628579 4 15312 1888 348 148 176 195 324 49 9370 3410 3135 23 14828 653 260
628629 4 15312 1895 348 148 177 195 324 49 9370 3432 3157 23 14828 653 260
628681 4 15312 1903 348 148 178 195 324 49 9370 3455 3180 23 14828 653 260
628731 4 15312 1912 348 149 179 195 324 49 9370 3477 3202 23 14828 653 260
628781 4 15312 1920 348 150 179 195 324 49 9370 3499 3224 23 14828 653 260
628831 4 15312 1929 348 151 180 195 324 49 9370 3521 3246 23 14828 653 260
628881 4 15312 1937 348 151 182 195 324 49 9370 3543 3268 23 14828 653 260
628933 4 15312 1945 348 151 183 195 324 49 9370 3566 3291 23 14828 653 260
628983 4 15312 1955 348 151 184 195 324 49 9370 3588 3313 23 14828 653 260
629035 4 15312 1963 348 151 185 195 324 49 9370 3611 3336 23 14828 653 260
629087 4 15312 1971 348 151 186 195 324 49 9370 3634 3359 23 14828 653 260
629137 4 15312 1981 348 151 186 195 324 49 9370 3656 3381 23 14828 653 260
629187 4 15312 1989 348 151 187 195 324 49 9370 3678 3403 23 14828 653 260
629239 4 15312 1997 348 151 188 195 324 49 9370 3701 3426 23 14828 653 260
629289 4 15312 2003 348 151 190 195 324 49 9370 3723 3448 23 14828 653 260
629339 4 15312 2010 348 152 191 195 324 49 9370 3745 3470 23 14828 653 260
629391 4 15312 2018 348 153 193 195 324 49 9370 3768 3493 23 14828 653 260
629441 4 15312 2027 348 153 195 195 324 49 9370 3790 3515 23 14828 653 260
629491 4 15312 2035 348 153 196 195 324 49 9370 3812 3537 23 14828 653 260
629543 4 15312 2043 348 153 197 195 324 49 9370 3835 3560 23 14828 653 260
629593 4 15312 2053 348 153 197 195 324 49 9370 3857 3582 23 14828 653 260
629645 4 15312 2061 348 153 198 195 324 49 9370 3880 3605 23 14828 653 260
629697 4 15312 2069 348 153 199 195 324 49 9370 3903 3628 23 14828 653 260
629747 4 15312 2079 348 154 199 195 324 49 9370 3925 3650 23 14828 653 260
629797 4 15312 2087 348 154 200 195 324 49 9370 3947 3672 23 14828 653 260
629847 4 15312 2094 348 154 201 195 324 49 9370 3969 3694 23 14828 653 260
629897 4 15312 2102 348 154 202 195 324 49 9370 3991 3716 23 14828 653 260
629947 4 15312 2109 348 155 203 195 324 49 9370 4013 3738 23 14828 653 260
629997 4 15312 2116 348 155 204 195 324 49 9370 4035 3760 23 14828 653 260
630047 4 15312 2123 348 156 204 195 324 49 9370 4057 3782 23 14828 653 260
630099 4 15312 2132 348 157 206 195 324 49 9370 4080 3805 23 14828 653 260
630149 4 15312 2139 348 158 207 195 324 49 9370 4102 3827 23 14828 653 260
630199 4 15312 2146 348 158 208 195 324 49 9370 4124 3849 23 14828 653 260
630251 4 15312 2154 348 158 209 195 324 49 9370 4147 3872 23 14828 653 260
630301 4 15312 2162 348 158 212 195 324 49 9370 4169 3894 23 14828 653 260
630351 4 15312 2170 348 158 213 195 324 49 9370 4191 3916 23 14828 653 260
630403 4 15312 2178 348 159 214 195 324 49 9370 4214 3939 23 14828 653 260
630453 4 15312 2189 348 159 214 195 324 49 9370 4236 3961 23 14828 653 260
630505 4 15312 2196 348 160 216 195 324 49 9370 4259 3984 23 14828 653 260
630557 4 15312 2205 348 161 217 195 324 49 9370 4282 4007 23 14828 653 260
630607 4 15312 2212 348 162 219 195 324 49 9370 4304 4029 23 14828 653 260
630657 4 15312 2219 348 162 220 195 324 49 9370 4326 4051 23 14828 653 260
630709 4 15312 2227 348 163 221 195 324 49 9370 4349 4074 23 14828 653 260
630759 4 15312 2236 348 163 222 195 324 49 9370 4371 4096 23 14828 653 260
630809 4 15312 2243 348 163 223 195 324 49 9370 4393 4118 23 14828 653 260
630861 4 15312 2252 348 163 224 195 324 49 9370 4416 4141 23 14828 653 260
630911 4 15312 2260 348 163 225 195 324 49 9370 4438 4163 23 14828 653 260
630963 4 15312 2268 348 163 226 195 324 49 9370 4461 4186 23 14828 653 260
631013 4 15312 2276 348 164 226 195 324 49 9370 4483 4208 23 14828 653 260
631063 4 15312 2283 348 164 227 195 324 49 9370 4505 4230 23 14828 653 260
631115 4 15312 2291 348 164 228 195 324 49 9370 4528 4253 23 14828 653 260
631165 4 15312 2298 348 164 231 195 324 49 9370 4550 4275 23 14828 653 260
631215 4 15312 2306 348 164 232 195 324 49 9370 4572 4297 23 14828 653 260
631267 4 15312 2314 348 165 233 195 324 49 9370 4595 4320 23 14828 653 260
631317 4 15312 2325 348 165 234 195 324 49 9370 4617 4342 23 14828 653 260
631367 4 15312 2332 348 166 235 195 324 49 9370 4639 4364 23 14828 653 260
631419 4 15312 2341 348 166 237 195 324 49 9370 4662 4387 23 14828 653 260
631469 4 15312 2351 348 167 237 195 324 49 9370 4684 4409 23 14828 653 260
631521 4 15312 2359 348 168 239 195 324 49 9370 4707 4432 23 14828 653 260
631573 4 15312 2368 348 168 241 195 324 49 9370 4730 4455 23 14828 653 260
631623 4 15312 2376 348 169 243 195 324 49 9370 4752 4477 23 14828 653 260
631673 4 15312 2384 348 169 244 195 324 49 9370 4774 4499 23 14828 653 260
631723 4 15312 2391 348 170 246 195 324 49 9370 4796 4521 23 14828 653 260
631773 4 15312 2400 348 170 246 195 324 49 9370 4818 4543 23 14828 653 260
631823 4 15312 2407 348 171 247 195 324 49 9370 4840 4565 23 14828 653 260
631875 4 15312 2416 348 172 247 195 324 49 9370 4863 4588 23 14828 653 260
631925 4 15312 2426 348 172 248 195 324 49 9370 4885 4610 23 14828 653 260
631975 4 15312 2433 348 173 249 195 324 49 9370 4907 4632 23 14828 653 260
632025 4 15312 2442 348 173 250 195 324 49 9370 4929 4654 23 14828 653 260
632075 4 15312 2448 348 173 252 195 324 49 9370 4951 4676 23 14828 653 260
632125 4 15312 2455 348 173 253 195 324 49 9370 4973 4698 23 14828 653 260
632175 4 15312 2464 348 173 253 195 324 49 9370 4995 4720 23 14828 653 260
632227 4 15312 2472 348 173 254 195 324 49 9370 5018 4743 23 14828 653 260
632279 4 15312 2480 348 174 255 195 324 49 9370 5041 4766 23 14828 653 260
632329 4 15312 2487 348 175 258 195 324 49 9370 5063 4788 23 14828 653 260
632379 4 15312 2494 348 176 258 195 324 49 9370 5085 4810 23 14828 653 260
632431 4 15312 2503 348 177 259 195 324 49 9370 5108 4833 23 14828 653 260
632481 4 15312 2510 348 177 262 195 324 49 9370 5130 4855 23 14828 653 260
632531 4 15312 2517 348 178 263 195 324 49 9370 5152 4877 23 14828 653 260
632583 4 15312 2525 348 178 264 195 324 49 9370 5175 4900 23 14828 653 260
632633 4 15312 2536 348 178 264 195 324 49 9370 5197 4922 23 14828 653 260
632683 4 15312 2543 348 179 265 195 324 49 9370 5219 4944 23 14828 653 260
632735 4 15312 2552 348 179 267 195 324 49 9370 5242 4967 23 14828 653 260
632785 4 15312 2561 348 180 267 195 324 49 9370 5264 4989 23 14828 653 260
632835 4 15312 2568 348 180 268 195 324 49 9370 5286 5011 23 14828 653 260
632885 4 15313 2577 348 181 269 195 324 50 9371 5310 5034 23 14828 653 260
632936 4 15314 2594 348 182 273 195 324 51 9372 5356 5079 23 14828 653 260
632986 4 15314 2603 348 183 273 195 324 51 9372 5379 5102 23 14828 653 260
633038 4 15314 2612 348 183 274 195 324 51 9372 5402 5125 23 14828 653 260
633090 4 15314 2620 348 183 275 195 324 51 9372 5425 5148 23 14828 653 260
633140 4 15314 2629 348 183 276 195 324 51 9372 5447 5170 23 14828 653 260
633190 4 15314 2637 348 183 276 195 324 51 9372 5469 5192 23 14828 653 260
633242 4 15314 2645 348 183 277 195 324 51 9372 5492 5215 23 14828 653 260
633303 4 15544 2682 350 184 278 196 326 52 9392 5509 5227 23 14828 653 260
633370 4 16632 2734 381 188 279 214 355 53 10117 5545 5246 24 15916 697 277
633427 4 17944 2787 418 192 279 235 390 55 10778 5567 5247 25 17004 739 294
633477 4 18544 2822 436 197 279 244 406 57 10968 5605 5275 27 17604 763 306
633527 4 19133 2850 445 199 282 248 413 58 11105 5647 5307 28 18193 778 317
633578 4 19133 2860 445 199 282 248 413 58 11105 5672 5332 28 18193 778 317
633628 4 19133 2868 445 199 283 248 413 58 11105 5694 5354 28 18193 778 317
633678 4 19133 2877 445 199 283 248 413 58 11105 5716 5376 28 18193 778 317
633728 4 19133 2886 445 200 284 248 413 58 11105 5738 5398 28 18193 778 317
633778 4 19133 2894 445 201 284 248 413 58 11105 5760 5420 28 18193 778 317
633828 4 19133 2902 445 202 285 248 413 58 11105 5782 5442 28 18193 778 317
633878 4 19133 2910 445 202 286 248 413 58 11105 5804 5464 28 18193 778 317
633928 4 19133 2918 445 202 286 248 413 58 11105 5826 5486 28 18193 778 317
633980 4 19133 2926 445 202 287 248 413 58 11105 5849 5509 28 18193 778 317
634032 4 19133 2934 445 202 288 248 413 58 11105 5872 5532 28 18193 778 317
634082 4 19133 2940 445 203 289 248 413 58 11105 5894 5554 28 18193 778 317
634132 4 19133 2949 445 203 290 248 413 58 11105 5916 5576 28 18193 778 317
634182 4 19133 2958 445 203 290 248 413 58 11105 5938 5598 28 18193 778 317
634232 4 19133 2964 445 204 292 248 413 58 11105 5960 5620 28 18193 778 317
634282 4 19133 2973 445 204 293 248 413 58 11105 5982 5642 28 18193 778 317
634334 4 19133 2982 445 205 294 248 413 58 11105 6005 5665 28 18193 778 317
634384 4 19133 2988 445 206 296 248 413 58 11105 6027 5687 28 18193 778 317
634434 4 19133 2995 445 206 297 248 413 58 11105 6049 5709 28 18193 778 317
634486 4 19133 3003 445 206 298 248 413 58 11105 6072 5732 28 18193 778 317
634536 4 19133 3011 445 206 300 248 413 58 11105 6094 5754 28 18193 778 317
634586 4 19133 3019 445 206 301 248 413 58 11105 6116 5776 28 18193 778 317
634638 4 19133 3028 445 207 301 248 413 58 11105 6139 5799 28 18193 778 317
634688 4 19133 3036 445 207 303 248 413 58 11105 6161 5821 28 18193 778 317
634738 4 19133 3044 445 207 304 248 413 58 11105 6183 5843 28 18193 778 317
634790 4 19133 3052 445 207 305 248 413 58 11105 6206 5866 28 18193 778 317
634840 4 19133 3060 445 209 306 248 413 58 11105 6228 5888 28 18193 778 317
634890 4 19133 3067 445 210 307 248 413 58 11105 6250 5910 28 18193 778 317
634940 4 19133 3075 445 210 308 248 413 58 11105 6272 5932 28 18193 778 317
634990 4 19133 3082 445 211 309 248 413 58 11105 6294 5954 28 18193 778 317
635042 4 19133 3090 445 211 310 248 413 58 11105 6317 5977 28 18193 778 317
635092 4 19133 3099 445 211 311 248 413 58 11105 6339 5999 28 18193 778 317
635144 4 19133 3108 445 212 312 248 413 58 11105 6362 6022 28 18193 778 317
635194 4 19133 3115 445 212 313 248 413 58 11105 6384 6044 28 18193 778 317
635244 4 19133 3122 445 213 314 248 413 58 11105 6406 6066 28 18193 778 317
635296 4 19133 3131 445 213 315 248 413 58 11105 6429 6089 28 18193 778 317
635348 4 19133 3139 445 213 316 248 413 58 11105 6452 6112 28 18193 778 317
635398 4 19133 3145 445 214 318 248 413 58 11105 6474 6134 28 18193 778 317
635448 4 19133 3152 445 214 319 248 413 58 11105 6496 6156 28 18193 778 317
635500 4 19133 3160 445 214 320 248 413 58 11105 6519 6179 28 18193 778 317
635550 4 19133 3169 445 214 322 248 413 58 11105 6541 6201 28 18193 778 317
635600 4 19133 3177 445 214 323 248 413 58 11105 6563 6223 28 18193 778 317
635652 4 19133 3185 445 214 324 248 413 58 11105 6586 6246 28 18193 778 317
635702 4 19133 3196 445 214 324 248 413 58 11105 6608 6268 28 18193 778 317
635752 4 19133 3204 445 214 324 248 413 58 11105 6630 6290 28 18193 778 317
635804 4 19133 3212 445 214 325 248 413 58 11105 6653 6313 28 18193 778 317
635854 4 19133 3221 445 215 327 248 413 58 11105 6675 6335 28 18193 778 317
635906 4 19133 3229 445 216 328 248 413 58 11105 6698 6358 28 18193 778 317
635956 4 19133 3237 445 216 329 248 413 58 11105 6720 6380 28 18193 778 317
636006 4 19133 3244 445 216 330 248 413 58 11105 6742 6402 28 18193 778 317
636058 4 19133 3253 445 217 332 248 413 58 11105 6765 6425 28 18193 778 317
636108 4 19133 3262 445 217 333 248 413 58 11105 6787 6447 28 18193 778 317
636160 4 19133 3270 445 217 334 248 413 58 11105 6810 6470 28 18193 778 317
636210 4 19133 3276 445 218 336 248 413 58 11105 6832 6492 28 18193 778 317
636260 4 19133 3287 445 218 337 248 413 58 11105 6854 6514 28 18193 778 317
636310 4 19133 3295 445 218 338 248 413 58 11105 6876 6536 28 18193 778 317
636360 4 19133 3302 445 218 339 248 413 58 11105 6898 6558 28 18193 778 317
636410 4 19133 3309 445 219 341 248 413 58 11105 6920 6580 28 18193 778 317
636460 4 19133 3316 445 219 342 248 413 58 11105 6942 6602 28 18193 778 317
636512 4 19133 3324 445 219 343 248 413 58 11105 6965 6625 28 18193 778 317
636562 4 19133 3333 445 219 344 248 413 58 11105 6987 6647 28 18193 778 317
636612 4 19133 3341 445 219 345 248 413 58 11105 7009 6669 28 18193 778 317
636664 4 19133 3349 445 219 346 248 413 58 11105 7032 6692 28 18193 778 317
636714 4 19133 3357 445 220 347 248 413 58 11105 7054 6714 28 18193 778 317
636766 4 19133 3365 445 220 348 248 413 58 11105 7077 6737 28 18193 778 317
636818 4 19133 3373 445 221 349 248 413 58 11105 7100 6760 28 18193 778 317
636868 4 19133 3381 445 221 351 248 413 58 11105 7122 6782 28 18193 778 317
636918 4 19133 3389 445 222 352 248 413 58 11105 7144 6804 28 18193 778 317
636970 4 19133 3397 445 222 353 248 413 58 11105 7167 6827 28 18193 778 317
637020 4 19133 3406 445 223 354 248 413 58 11105 7189 6849 28 18193 778 317
637070 4 19133 3414 445 224 355 248 413 58 11105 7211 6871 28 18193 778 317
637120 4 19133 3423 445 224 355 248 413 58 11105 7233 6893 28 18193 778 317
637172 4 19133 3432 445 225 356 248 413 58 11105 7256 6916 28 18193 778 317
637224 4 19133 3440 445 225 357 248 413 58 11105 7279 6939 28 18193 778 317
637274 4 19133 3447 445 227 359 248 413 58 11105 7301 6961 28 18193 778 317
637324 4 19133 3454 445 227 360 248 413 58 11105 7323 6983 28 18193 778 317
637376 4 19133 3462 445 227 361 248 413 58 11105 7346 7006 28 18193 778 317
637426 4 19133 3470 445 227 363 248 413 58 11105 7368 7028 28 18193 778 317
637476 4 19133 3478 445 228 364 248 413 58 11105 7390 7050 28 18193 778 317
637528 4 19133 3486 445 228 365 248 413 58 11105 7413 7073 28 18193 778 317
637578 4 19133 3496 445 228 365 248 413 58 11105 7435 7095 28 18193 778 317
637628 4 19133 3501 445 228 367 248 413 58 11105 7457 7117 28 18193 778 317
637680 4 19133 3509 445 229 368 248 413 58 11105 7480 7140 28 18193 778 317
637730 4 19133 3519 445 229 369 248 413 58 11105 7502 7162 28 18193 778 317
637780 4 19133 3527 445 230 370 248 413 58 11105 7524 7184 28 18193 778 317
637832 4 19133 3536 445 230 371 248 413 58 11105 7547 7207 28 18193 778 317
637882 4 19133 3545 445 230 372 248 413 58 11105 7569 7229 28 18193 778 317
637934 4 19133 3554 445 231 373 248 413 58 11105 7592 7252 28 18193 778 317
637986 4 19133 3562 445 231 374 248 413 58 11105 7615 7275 28 18193 778 317
638036 4 19133 3571 445 231 375 248 413 58 11105 7637 7297 28 18193 778 317
638086 4 19133 3579 445 231 376 248 413 58 11105 7659 7319 28 18193 778 317
638136 4 19133 3587 445 232 377 248 413 58 11105 7681 7341 28 18193 778 317
638186 4 19133 3594 445 232 378 248 413 58 11105 7703 7363 28 18193 778 317
638238 4 19133 3602 445 232 379 248 413 58 11105 7726 7386 28 18193 778 317
638288 4 19133 3611 445 232 380 248 413 58 11105 7748 7408 28 18193 778 317
638338 4 19133 3618 445 233 381 248 413 58 11105 7770 7430 28 18193 778 317
638390 4 19133 3626 445 233 382 248 413 58 11105 7793 7453 28 18193 778 317
638440 4 19133 3635 445 235 383 248 413 58 11105 7815 7475 28 18193 778 317
638490 4 19133 3645 445 235 384 248 413 58 11105 7837 7497 28 18193 778 317
638540 4 19133 3653 445 235 385 248 413 58 11105 7859 7519 28 18193 778 317
638590 4 19133 3664 445 235 385 248 413 58 11105 7881 7541 28 18193 778 317
638640 4 19133 3672 445 235 386 248 413 58 11105 7903 7563 28 18193 778 317
638690 4 19133 3678 445 236 388 248 413 58 11105 7925 7585 28 18193 778 317
638740 4 19133 3688 445 237 388 248 413 58 11105 7947 7607 28 18193 778 317
638792 4 19133 3697 445 238 389 248 413 58 11105 7970 7630 28 18193 778 317
638844 4 19133 3705 445 238 390 248 413 58 11105 7993 7653 28 18193 778 317
638894 4 19133 3712 445 238 391 248 413 58 11105 8015 7675 28 18193 778 317
638944 4 19133 3719 445 238 392 248 413 58 11105 8037 7697 28 18193 778 317
638996 4 19133 3727 445 238 393 248 413 58 11105 8060 7720 28 18193 778 317
639046 4 19133 3736 445 239 393 248 413 58 11105 8082 7742 28 18193 778 317
639098 4 19133 3744 445 240 394 248 413 58 11105 8105 7765 28 18193 778 317
639150 4 19133 3752 445 241 395 248 413 58 11105 8128 7788 28 18193 778 317
639200 4 19133 3761 445 241 395 248 413 58 11105 8150 7810 28 18193 778 317
639250 4 19133 3769 445 242 397 248 413 58 11105 8172 7832 28 18193 778 317
639300 4 19133 3778 445 242 398 248 413 58 11105 8194 7854 28 18193 778 317
639352 4 19133 3786 445 243 399 248 413 58 11105 8217 7877 28 18193 778 317
639404 4 19133 3794 445 244 400 248 413 58 11105 8240 7900 28 18193 778 317
639454 4 19133 3802 445 244 401 248 413 58 11105 8262 7922 28 18193 778 317
639504 4 19133 3809 445 244 402 248 413 58 11105 8284 7944 28 18193 778 317
639556 4 19133 3817 445 244 403 248 413 58 11105 8307 7967 28 18193 778 317
639606 4 19133 3823 445 245 405 248 413 58 11105 8329 7989 28 18193 778 317
639656 4 19133 3830 445 245 406 248 413 58 11105 8351 8011 28 18193 778 317
639708 4 19133 3838 445 246 407 248 413 58 11105 8374 8034 28 18193 778 317
639758 4 19133 3849 445 246 409 248 413 58 11105 8396 8056 28 18193 778 317
639808 4 19133 3857 445 247 410 248 413 58 11105 8418 8078 28 18193 778 317
639860 4 19133 3865 445 247 411 248 413 58 11105 8441 8101 28 18193 778 317
639910 4 19133 3874 445 247 411 248 413 58 11105 8463 8123 28 18193 778 317
639962 4 19133 3883 445 248 411 248 413 58 11105 8486 8146 28 18193 778 317
640014 4 19133 3891 445 248 412 248 413 58 11105 8509 8169 28 18193 778 317
640064 4 19133 3899 445 248 413 248 413 58 11105 8531 8191 28 18193 778 317
640114 4 19133 3907 445 249 415 248 413 58 11105 8553 8213 28 18193 778 317
640166 4 19133 3916 445 249 416 248 413 58 11105 8576 8236 28 18193 778 317
640216 4 19133 3924 445 250 417 248 413 58 11105 8598 8258 28 18193 778 317
640268 4 19133 3932 445 250 418 248 413 58 11105 8621 8281 28 18193 778 317
640318 4 19133 3940 445 251 419 248 413 58 11105 8643 8303 28 18193 778 317
640368 4 19133 3947 445 251 420 248 413 58 11105 8665 8325 28 18193 778 317
640420 4 19133 3955 445 252 421 248 413 58 11105 8688 8348 28 18193 778 317
640470 4 19133 3964 445 253 424 248 413 58 11105 8710 8370 28 18193 778 317
640520 4 19133 3971 445 255 425 248 413 58 11105 8732 8392 28 18193 778 317
640572 4 19133 3979 445 256 427 248 413 58 11105 8755 8415 28 18193 778 317
640622 4 19133 3987 445 257 428 248 413 58 11105 8777 8437 28 18193 778 317
640672 4 19133 3995 445 257 429 248 413 58 11105 8799 8459 28 18193 778 317
640722 4 19133 4002 445 257 430 248 413 58 11105 8821 8481 28 18193 778 317
640772 4 19133 4010 445 257 431 248 413 58 11105 8843 8503 28 18193 778 317
640822 4 19133 4018 445 258 432 248 413 58 11105 8865 8525 28 18193 778 317
640874 4 19133 4026 445 259 433 248 413 58 11105 8888 8548 28 18193 778 317
640924 4 19133 4035 445 259 435 248 413 58 11105 8910 8570 28 18193 778 317
640974 4 19133 4042 445 259 436 248 413 58 11105 8932 8592 28 18193 778 317
641026 4 19133 4050 445 259 438 248 413 58 11105 8955 8615 28 18193 778 317
641076 4 19204 4061 446 268 440 248 413 59 13601 8986 8644 28 18193 778 317
641126 4 19204 4070 446 271 441 248 413 59 13601 9014 8672 28 18193 778 317
641176 4 19204 4081 446 272 441 248 413 59 13601 9036 8694 28 18193 778 317
641228 4 19204 4089 446 273 442 248 413 59 13601 9059 8717 28 18193 778 317
641280 4 19204 4097 446 274 443 248 413 59 13601 9082 8740 28 18193 778 317
641330 4 19204 4105 446 275 445 248 413 59 13601 9104 8762 28 18193 778 317
641380 4 19204 4112 446 276 446 248 413 59 13601 9126 8784 28 18193 778 317
641432 4 19204 4120 446 276 447 248 413 59 13601 9149 8807 28 18193 778 317
641482 4 19204 4129 446 277 447 248 413 59 13601 9171 8829 28 18193 778 317
