# cols t where got pump parse flush keys nscroll tscroll nflush ncells reads e1e bursts bbytes bcs breads
# snapshots=167 every=50cs drain=1024 rmax=64 fastmv=-1
303414 4 0 0 0 1 0 0 0 1 1 1 1 0 0 0 0
303464 4 349 32 0 4 2 0 0 2 37 71 65 1 349 5 7
303514 4 349 55 0 7 5 0 0 2 37 127 121 1 349 5 7
303564 4 349 80 0 10 6 0 0 2 37 182 176 1 349 5 7
303614 4 349 104 0 10 8 0 0 2 37 238 232 1 349 5 7
303664 4 349 128 0 10 9 0 0 2 37 293 287 1 349 5 7
303714 4 349 150 0 11 12 0 0 2 37 349 343 1 349 5 7
303764 4 349 176 0 12 15 0 0 2 37 404 398 1 349 5 7
303814 4 349 196 0 12 17 0 0 2 37 459 453 1 349 5 7
303864 4 349 220 0 14 20 0 0 2 37 514 508 1 349 5 7
303914 4 350 246 0 17 22 0 0 3 38 568 561 1 349 5 7
303964 4 351 278 0 18 25 0 0 4 39 638 630 1 349 5 7
304014 4 351 303 0 19 27 0 0 4 39 694 686 1 349 5 7
304067 4 952 333 1 23 31 0 0 7 57 757 738 3 939 13 19
304117 4 952 358 1 25 34 0 0 7 57 822 803 3 939 13 19
304167 4 952 382 1 27 37 0 0 7 57 877 858 3 939 13 19
304217 4 952 407 1 28 40 0 0 7 57 933 914 3 939 13 19
304267 4 952 432 1 30 43 0 0 7 57 988 969 3 939 13 19
304317 4 952 455 1 31 46 0 0 7 57 1043 1024 3 939 13 19
304367 4 954 480 1 35 48 0 0 9 59 1110 1089 3 939 13 19
304420 4 1184 507 1 38 52 0 0 10 60 1168 1142 3 939 13 19
304470 4 2684 542 3 46 56 0 0 13 1032 1229 1178 6 2439 34 47
304537 4 3284 595 6 52 56 0 0 15 1433 1281 1220 8 3039 70 59
304624 4 4773 662 8 56 60 0 0 17 2166 1357 1272 10 4528 118 85
304674 4 4773 692 8 57 63 0 0 17 2166 1422 1337 10 4528 118 85
304724 4 4773 716 8 58 65 0 0 17 2166 1478 1393 10 4528 118 85
304774 4 4773 740 8 58 67 0 0 17 2166 1533 1448 10 4528 118 85
304824 4 4773 761 8 61 70 0 0 17 2166 1589 1504 10 4528 118 85
304874 4 4773 786 8 61 74 0 0 17 2166 1644 1559 10 4528 118 85
304924 4 4773 811 8 62 77 0 0 17 2166 1699 1614 10 4528 118 85
304974 4 4773 834 8 64 80 0 0 17 2166 1755 1670 10 4528 118 85
305024 4 4773 858 8 67 81 0 0 17 2166 1810 1725 10 4528 118 85
305074 4 4773 880 8 69 83 0 0 17 2166 1866 1781 10 4528 118 85
305124 4 4773 905 8 70 86 0 0 17 2166 1921 1836 10 4528 118 85
305174 4 4773 929 8 70 90 0 0 17 2166 1976 1891 10 4528 118 85
305224 4 4773 953 8 71 93 0 0 17 2166 2032 1947 10 4528 118 85
305274 4 4773 979 8 73 96 0 0 17 2166 2087 2002 10 4528 118 85
305324 4 4773 1005 8 75 97 0 0 17 2166 2142 2057 10 4528 118 85
305374 4 4774 1030 8 78 99 0 0 18 2167 2204 2118 10 4528 118 85
305424 4 4775 1057 9 81 102 0 0 19 2168 2268 2181 10 4528 118 85
305489 4 5686 1109 10 83 105 0 0 21 2334 2314 2211 12 5439 160 103
305539 4 5850 1140 10 86 106 0 0 22 2350 2382 2276 12 5439 160 103
305589 4 5850 1164 10 87 108 0 0 22 2350 2437 2331 12 5439 160 103
305639 4 5850 1186 10 88 110 0 0 22 2350 2493 2387 12 5439 160 103
305689 4 5850 1213 10 90 112 0 0 22 2350 2548 2442 12 5439 160 103
305739 4 5850 1235 10 90 116 0 0 22 2350 2604 2498 12 5439 160 103
305789 4 5852 1264 10 94 118 0 0 24 2352 2671 2563 12 5439 160 103
305844 4 6082 1292 10 96 120 0 0 25 2353 2733 2620 12 5439 160 103
305936 4 7410 1378 50 102 120 22 40 27 2964 2760 2625 14 6767 244 126
305986 4 7582 1407 55 104 123 24 44 28 3116 2820 2682 14 6767 244 126
306047 4 8482 1454 83 109 123 39 70 31 3569 2862 2709 17 7667 283 144
306106 4 9382 1504 108 113 125 52 92 33 3871 2911 2743 19 8567 319 161
306156 4 9671 1532 108 117 129 52 92 34 3887 2978 2805 20 8856 323 167
306206 4 9671 1554 108 119 129 52 92 34 3887 3033 2860 20 8856 323 167
306256 4 9671 1578 108 121 132 52 92 34 3887 3088 2915 20 8856 323 167
306306 4 9671 1602 108 123 135 52 92 34 3887 3144 2971 20 8856 323 167
306356 4 9671 1626 108 125 137 52 92 34 3887 3199 3026 20 8856 323 167
306406 4 9671 1650 108 127 140 52 92 34 3887 3255 3082 20 8856 323 167
306456 4 9671 1673 108 130 141 52 92 34 3887 3310 3137 20 8856 323 167
306506 4 9671 1696 108 132 143 52 92 34 3887 3366 3193 20 8856 323 167
306556 4 9671 1721 108 133 145 52 92 34 3887 3421 3248 20 8856 323 167
306606 4 9671 1745 108 136 148 52 92 34 3887 3476 3303 20 8856 323 167
306656 4 9671 1765 108 139 152 52 92 34 3887 3532 3359 20 8856 323 167
306706 4 9671 1789 108 142 154 52 92 34 3887 3587 3414 20 8856 323 167
306756 4 9671 1812 108 144 156 52 92 34 3887 3643 3470 20 8856 323 167
306806 4 9671 1839 108 147 157 52 92 34 3887 3698 3525 20 8856 323 167
306856 4 9671 1861 108 148 159 52 92 34 3887 3754 3581 20 8856 323 167
306906 4 9671 1885 108 149 162 52 92 34 3887 3809 3636 20 8856 323 167
306956 4 9671 1911 108 149 165 52 92 34 3887 3864 3691 20 8856 323 167
307006 4 9671 1933 108 152 169 52 92 34 3887 3920 3747 20 8856 323 167
307056 4 9671 1958 108 153 172 52 92 34 3887 3975 3802 20 8856 323 167
307106 4 9671 1981 108 156 175 52 92 34 3887 4031 3858 20 8856 323 167
307156 4 9671 2007 108 157 179 52 92 34 3887 4086 3913 20 8856 323 167
307206 4 9671 2030 108 160 180 52 92 34 3887 4142 3969 20 8856 323 167
307256 4 9671 2054 108 162 181 52 92 34 3887 4197 4024 20 8856 323 167
307306 4 9671 2077 108 163 185 52 92 34 3887 4253 4080 20 8856 323 167
307356 4 9671 2100 108 164 188 52 92 34 3887 4308 4135 20 8856 323 167
307406 4 9671 2126 108 165 190 52 92 34 3887 4363 4190 20 8856 323 167
307456 4 9671 2150 108 167 191 52 92 34 3887 4418 4245 20 8856 323 167
307506 4 9671 2173 108 167 193 52 92 34 3887 4474 4301 20 8856 323 167
307556 4 9671 2194 108 167 195 52 92 34 3887 4530 4357 20 8856 323 167
307606 4 9671 2219 108 169 198 52 92 34 3887 4585 4412 20 8856 323 167
307656 4 9671 2244 108 171 201 52 92 34 3887 4640 4467 20 8856 323 167
307706 4 9671 2266 108 172 205 52 92 34 3887 4696 4523 20 8856 323 167
307756 4 9671 2292 108 175 206 52 92 34 3887 4751 4578 20 8856 323 167
307806 4 9671 2316 108 176 209 52 92 34 3887 4807 4634 20 8856 323 167
307856 4 9671 2340 108 179 211 52 92 34 3887 4862 4689 20 8856 323 167
307906 4 9671 2362 108 182 215 52 92 34 3887 4918 4745 20 8856 323 167
307956 4 9671 2384 108 183 216 52 92 34 3887 4973 4800 20 8856 323 167
308006 4 9671 2407 108 184 218 52 92 34 3887 5028 4855 20 8856 323 167
308056 4 9671 2431 108 185 219 52 92 34 3887 5084 4911 20 8856 323 167
308106 4 9671 2456 108 186 222 52 92 34 3887 5139 4966 20 8856 323 167
308156 4 9671 2479 108 188 225 52 92 34 3887 5194 5021 20 8856 323 167
308206 4 9671 2500 108 188 228 52 92 34 3887 5250 5077 20 8856 323 167
308256 4 9671 2524 108 191 230 52 92 34 3887 5305 5132 20 8856 323 167
308306 4 9671 2546 108 194 231 52 92 34 3887 5361 5188 20 8856 323 167
308356 4 9671 2573 108 196 233 52 92 34 3887 5416 5243 20 8856 323 167
308406 4 9671 2596 108 199 237 52 92 34 3887 5472 5299 20 8856 323 167
308456 4 9671 2619 108 200 240 52 92 34 3887 5527 5354 20 8856 323 167
308506 4 9671 2645 108 201 244 52 92 34 3887 5582 5409 20 8856 323 167
308556 4 9671 2669 108 202 248 52 92 34 3887 5638 5465 20 8856 323 167
308606 4 9671 2693 108 204 251 52 92 34 3887 5693 5520 20 8856 323 167
308656 4 9671 2714 108 207 254 52 92 34 3887 5749 5576 20 8856 323 167
308706 4 9671 2739 108 208 257 52 92 34 3887 5804 5631 20 8856 323 167
308756 4 9671 2765 108 208 260 52 92 34 3887 5859 5686 20 8856 323 167
308806 4 9671 2788 108 211 262 52 92 34 3887 5915 5742 20 8856 323 167
308856 4 9671 2812 108 213 265 52 92 34 3887 5970 5797 20 8856 323 167
308906 4 9671 2835 108 214 268 52 92 34 3887 6026 5853 20 8856 323 167
308956 4 9671 2861 108 216 270 52 92 34 3887 6081 5908 20 8856 323 167
309006 4 9671 2886 108 217 274 52 92 34 3887 6137 5964 20 8856 323 167
309056 4 9671 2911 108 219 276 52 92 34 3887 6192 6019 20 8856 323 167
309106 4 9671 2933 108 220 280 52 92 34 3887 6248 6075 20 8856 323 167
309156 4 9671 2956 108 222 282 52 92 34 3887 6303 6130 20 8856 323 167
309206 4 9671 2983 108 224 284 52 92 34 3887 6358 6185 20 8856 323 167
309256 4 9671 3005 108 227 285 52 92 34 3887 6414 6241 20 8856 323 167
309306 4 9671 3027 108 230 287 52 92 34 3887 6469 6296 20 8856 323 167
309356 4 9671 3050 108 232 289 52 92 34 3887 6525 6352 20 8856 323 167
309406 4 9671 3077 108 232 290 52 92 34 3887 6580 6407 20 8856 323 167
309456 4 9671 3101 108 235 293 52 92 34 3887 6636 6463 20 8856 323 167
309506 4 9671 3123 108 237 296 52 92 34 3887 6691 6518 20 8856 323 167
309556 4 9671 3147 108 239 298 52 92 34 3887 6746 6573 20 8856 323 167
309606 4 9671 3171 108 242 300 52 92 34 3887 6802 6629 20 8856 323 167
309656 4 9671 3196 108 245 303 52 92 34 3887 6857 6684 20 8856 323 167
309706 4 9671 3217 108 246 305 52 92 34 3887 6913 6740 20 8856 323 167
309756 4 9671 3241 108 248 307 52 92 34 3887 6969 6796 20 8856 323 167
309806 4 9671 3266 108 249 309 52 92 34 3887 7024 6851 20 8856 323 167
309856 4 9671 3292 108 251 312 52 92 34 3887 7079 6906 20 8856 323 167
309906 4 9671 3313 108 252 315 52 92 34 3887 7135 6962 20 8856 323 167
309956 4 9671 3340 108 254 318 52 92 34 3887 7190 7017 20 8856 323 167
310006 4 9671 3365 108 256 321 52 92 34 3887 7245 7072 20 8856 323 167
310056 4 9671 3386 108 258 325 52 92 34 3887 7301 7128 20 8856 323 167
310106 4 9671 3410 108 260 327 52 92 34 3887 7357 7184 20 8856 323 167
310156 4 9671 3436 108 262 330 52 92 34 3887 7412 7239 20 8856 323 167
310206 4 9671 3462 108 265 332 52 92 34 3887 7467 7294 20 8856 323 167
310256 4 9671 3484 108 267 335 52 92 34 3887 7523 7350 20 8856 323 167
310306 4 9671 3509 108 268 337 52 92 34 3887 7578 7405 20 8856 323 167
310356 4 9671 3533 108 269 340 52 92 34 3887 7634 7461 20 8856 323 167
310406 4 9671 3558 108 271 343 52 92 34 3887 7689 7516 20 8856 323 167
310456 4 9671 3580 108 274 344 52 92 34 3887 7744 7571 20 8856 323 167
310506 4 9671 3604 108 276 346 52 92 34 3887 7800 7627 20 8856 323 167
310556 4 9671 3626 108 279 348 52 92 34 3887 7856 7683 20 8856 323 167
310606 4 9671 3651 108 279 352 52 92 34 3887 7911 7738 20 8856 323 167
310656 4 9671 3677 108 280 355 52 92 34 3887 7966 7793 20 8856 323 167
310706 4 9671 3703 108 282 357 52 92 34 3887 8021 7848 20 8856 323 167
310756 4 9671 3726 108 285 361 52 92 34 3887 8076 7903 20 8856 323 167
310806 4 9671 3746 108 287 363 52 92 34 3887 8132 7959 20 8856 323 167
310856 4 9671 3770 108 290 366 52 92 34 3887 8188 8015 20 8856 323 167
310906 4 9671 3794 108 292 369 52 92 34 3887 8243 8070 20 8856 323 167
310956 4 9671 3821 108 294 370 52 92 34 3887 8298 8125 20 8856 323 167
311006 4 9671 3842 108 297 372 52 92 34 3887 8354 8181 20 8856 323 167
311056 4 9671 3868 108 298 375 52 92 34 3887 8409 8236 20 8856 323 167
311106 4 9671 3893 108 301 377 52 92 34 3887 8465 8292 20 8856 323 167
311156 4 9671 3916 108 304 380 52 92 34 3887 8520 8347 20 8856 323 167
311207 4 9671 3939 108 306 383 52 92 34 3887 8576 8403 20 8856 323 167
311257 4 9671 3962 108 308 386 52 92 34 3887 8632 8459 20 8856 323 167
311307 4 9671 3984 108 309 387 52 92 34 3887 8688 8515 20 8856 323 167
311357 4 9671 4010 108 311 390 52 92 34 3887 8743 8570 20 8856 323 167
311407 4 9671 4035 108 314 391 52 92 34 3887 8798 8625 20 8856 323 167
311457 4 9671 4056 108 316 394 52 92 34 3887 8854 8681 20 8856 323 167
311507 4 9671 4079 108 317 397 52 92 34 3887 8909 8736 20 8856 323 167
311557 4 9671 4106 108 320 399 52 92 34 3887 8964 8791 20 8856 323 167
311607 4 9671 4128 108 322 404 52 92 34 3887 9020 8847 20 8856 323 167
311657 4 9671 4154 108 323 407 52 92 34 3887 9075 8902 20 8856 323 167
311707 4 9671 4174 108 324 411 52 92 34 3887 9131 8958 20 8856 323 167
311757 4 9671 4200 108 326 413 52 92 34 3887 9186 9013 20 8856 323 167
311807 4 9671 4225 108 328 416 52 92 34 3887 9242 9069 20 8856 323 167
311857 4 9671 4248 108 330 418 52 92 34 3887 9297 9124 20 8856 323 167
