# cols t where got pump parse flush keys nscroll tscroll nflush ncells reads e1e bursts bbytes bcs breads
# snapshots=357 every=50cs drain=1024 rmax=64 fastmv=-1
360441 4 0 1 0 1 0 0 0 1 1 165 124 0 0 0 0
360491 4 857 26 1 7 1 0 0 4 482 211 159 1 568 2 2
360541 4 857 41 1 8 2 0 0 4 482 245 193 1 568 2 2
360593 4 857 49 1 8 3 0 0 4 482 268 216 1 568 2 2
360643 4 857 56 1 9 5 0 0 4 482 290 238 1 568 2 2
360695 4 857 65 1 10 6 0 0 4 482 313 261 1 568 2 2
360747 4 857 74 1 11 7 0 0 4 482 336 284 1 568 2 2
360799 4 857 83 1 12 8 0 0 4 482 359 307 1 568 2 2
360851 4 857 91 1 13 9 0 0 4 482 382 330 1 568 2 2
360903 4 857 99 1 13 10 0 0 4 482 405 353 1 568 2 2
360955 4 857 107 1 14 11 0 0 4 482 428 376 1 568 2 2
361005 4 857 114 1 14 12 0 0 4 482 450 398 1 568 2 2
361057 4 857 122 1 15 13 0 0 4 482 473 421 1 568 2 2
361109 4 857 130 1 15 14 0 0 4 482 496 444 1 568 2 2
361161 4 857 138 1 16 15 0 0 4 482 519 467 1 568 2 2
361213 4 857 146 1 16 16 0 0 4 482 542 490 1 568 2 2
361265 4 857 155 1 17 17 0 0 4 482 565 513 1 568 2 2
361315 4 857 161 1 17 19 0 0 4 482 587 535 1 568 2 2
361365 4 857 169 1 18 20 0 0 4 482 609 557 1 568 2 2
361417 4 857 177 1 18 21 0 0 4 482 632 580 1 568 2 2
361469 4 857 185 1 19 22 0 0 4 482 655 603 1 568 2 2
361521 4 857 193 1 19 23 0 0 4 482 678 626 1 568 2 2
361573 4 857 201 1 19 24 0 0 4 482 701 649 1 568 2 2
361623 4 857 209 1 19 25 0 0 4 482 723 671 1 568 2 2
361675 4 857 216 1 21 26 0 0 4 482 746 694 1 568 2 2
361727 4 857 224 1 22 27 0 0 4 482 769 717 1 568 2 2
361779 4 857 233 1 22 28 0 0 4 482 792 740 1 568 2 2
361831 4 857 241 1 23 29 0 0 4 482 815 763 1 568 2 2
361883 4 857 249 1 24 30 0 0 4 482 838 786 1 568 2 2
361935 4 857 257 1 25 31 0 0 4 482 861 809 1 568 2 2
361987 4 857 265 1 26 32 0 0 4 482 884 832 1 568 2 2
362037 4 857 272 1 26 33 0 0 4 482 906 854 1 568 2 2
362089 4 857 280 1 27 34 0 0 4 482 929 877 1 568 2 2
362141 4 857 288 1 27 35 0 0 4 482 952 900 1 568 2 2
362193 4 857 296 1 28 36 0 0 4 482 975 923 1 568 2 2
362245 4 857 304 1 29 37 0 0 4 482 998 946 1 568 2 2
362297 4 857 312 1 29 38 0 0 4 482 1021 969 1 568 2 2
362347 4 857 319 1 29 39 0 0 4 482 1043 991 1 568 2 2
362399 4 857 328 1 29 40 0 0 4 482 1066 1014 1 568 2 2
362451 4 857 337 1 30 41 0 0 4 482 1089 1037 1 568 2 2
362503 4 857 345 1 31 42 0 0 4 482 1112 1060 1 568 2 2
362553 4 857 353 1 32 43 0 0 4 482 1134 1082 1 568 2 2
362605 4 857 361 1 33 44 0 0 4 482 1157 1105 1 568 2 2
362657 4 857 369 1 33 45 0 0 4 482 1180 1128 1 568 2 2
362709 4 857 377 1 34 46 0 0 4 482 1203 1151 1 568 2 2
362761 4 857 385 1 35 47 0 0 4 482 1226 1174 1 568 2 2
362813 4 857 393 1 35 48 0 0 4 482 1249 1197 1 568 2 2
362863 4 857 400 1 35 49 0 0 4 482 1271 1219 1 568 2 2
362915 4 857 409 1 35 50 0 0 4 482 1294 1242 1 568 2 2
362967 4 857 417 1 35 51 0 0 4 482 1317 1265 1 568 2 2
363019 4 857 425 1 35 52 0 0 4 482 1340 1288 1 568 2 2
363071 4 857 433 1 36 53 0 0 4 482 1363 1311 1 568 2 2
363123 4 857 442 1 36 54 0 0 4 482 1386 1334 1 568 2 2
363175 4 857 450 1 37 55 0 0 4 482 1409 1357 1 568 2 2
363225 4 857 457 1 38 56 0 0 4 482 1431 1379 1 568 2 2
363277 4 857 466 1 39 57 0 0 4 482 1454 1402 1 568 2 2
363329 4 857 474 1 39 58 0 0 4 482 1477 1425 1 568 2 2
363381 4 857 482 1 39 59 0 0 4 482 1500 1448 1 568 2 2
363433 4 857 490 1 39 60 0 0 4 482 1523 1471 1 568 2 2
363485 4 857 497 1 40 62 0 0 4 482 1546 1494 1 568 2 2
363537 4 857 505 1 40 63 0 0 4 482 1569 1517 1 568 2 2
363587 4 857 512 1 40 64 0 0 4 482 1591 1539 1 568 2 2
363639 4 857 520 1 40 65 0 0 4 482 1614 1562 1 568 2 2
363691 4 857 528 1 40 66 0 0 4 482 1637 1585 1 568 2 2
363743 4 857 536 1 40 67 0 0 4 482 1660 1608 1 568 2 2
363795 4 857 544 1 41 68 0 0 4 482 1683 1631 1 568 2 2
363845 4 857 551 1 42 69 0 0 4 482 1705 1653 1 568 2 2
363897 4 857 559 1 42 70 0 0 4 482 1728 1676 1 568 2 2
363949 4 857 567 1 42 71 0 0 4 482 1751 1699 1 568 2 2
364001 4 857 576 1 43 73 0 0 4 482 1774 1722 1 568 2 2
364053 4 857 584 1 43 74 0 0 4 482 1797 1745 1 568 2 2
364105 4 857 592 1 43 75 0 0 4 482 1820 1768 1 568 2 2
364157 4 857 600 1 43 76 0 0 4 482 1843 1791 1 568 2 2
364209 4 857 608 1 44 77 0 0 4 482 1866 1814 1 568 2 2
364259 4 857 616 1 45 79 0 0 4 482 1888 1836 1 568 2 2
364311 4 857 625 1 46 80 0 0 4 482 1911 1859 1 568 2 2
364363 4 857 633 1 46 81 0 0 4 482 1934 1882 1 568 2 2
364413 4 857 642 1 46 83 0 0 4 482 1956 1904 1 568 2 2
364465 4 857 650 1 47 84 0 0 4 482 1979 1927 1 568 2 2
364517 4 857 658 1 47 85 0 0 4 482 2002 1950 1 568 2 2
364569 4 857 666 1 48 86 0 0 4 482 2025 1973 1 568 2 2
364621 4 857 674 1 48 87 0 0 4 482 2048 1996 1 568 2 2
364673 4 857 683 1 48 88 0 0 4 482 2071 2019 1 568 2 2
364725 4 857 691 1 48 89 0 0 4 482 2094 2042 1 568 2 2
364775 4 857 698 1 48 91 0 0 4 482 2116 2064 1 568 2 2
364827 4 857 706 1 48 92 0 0 4 482 2139 2087 1 568 2 2
364879 4 857 714 1 48 93 0 0 4 482 2162 2110 1 568 2 2
364931 4 857 722 1 48 94 0 0 4 482 2185 2133 1 568 2 2
364983 4 857 731 1 48 95 0 0 4 482 2208 2156 1 568 2 2
365035 4 857 739 1 49 96 0 0 4 482 2231 2179 1 568 2 2
365085 4 857 746 1 50 97 0 0 4 482 2253 2201 1 568 2 2
365137 4 857 755 1 50 98 0 0 4 482 2276 2224 1 568 2 2
365189 4 857 763 1 51 99 0 0 4 482 2299 2247 1 568 2 2
365241 4 857 771 1 51 100 0 0 4 482 2322 2270 1 568 2 2
365293 4 857 779 1 51 101 0 0 4 482 2345 2293 1 568 2 2
365343 4 857 787 1 51 102 0 0 4 482 2367 2315 1 568 2 2
365395 4 857 796 1 51 103 0 0 4 482 2390 2338 1 568 2 2
365447 4 857 804 1 51 104 0 0 4 482 2413 2361 1 568 2 2
365499 4 857 812 1 51 105 0 0 4 482 2436 2384 1 568 2 2
365551 4 857 820 1 52 106 0 0 4 482 2459 2407 1 568 2 2
365603 4 857 828 1 52 107 0 0 4 482 2482 2430 1 568 2 2
365655 4 857 836 1 53 108 0 0 4 482 2505 2453 1 568 2 2
365705 4 857 843 1 54 109 0 0 4 482 2527 2475 1 568 2 2
365757 4 857 851 1 54 110 0 0 4 482 2550 2498 1 568 2 2
365809 4 857 860 1 54 110 0 0 4 482 2573 2521 1 568 2 2
365859 4 857 868 1 55 112 0 0 4 482 2595 2543 1 568 2 2
365911 4 857 876 1 56 113 0 0 4 482 2618 2566 1 568 2 2
365963 4 857 885 1 56 114 0 0 4 482 2641 2589 1 568 2 2
366015 4 857 893 1 57 115 0 0 4 482 2664 2612 1 568 2 2
366067 4 857 901 1 57 116 0 0 4 482 2687 2635 1 568 2 2
366119 4 857 909 1 58 117 0 0 4 482 2710 2658 1 568 2 2
366169 4 857 917 1 59 118 0 0 4 482 2732 2680 1 568 2 2
366221 4 857 926 1 60 119 0 0 4 482 2755 2703 1 568 2 2
366271 4 857 934 1 60 120 0 0 4 482 2777 2725 1 568 2 2
366323 4 857 942 1 60 121 0 0 4 482 2800 2748 1 568 2 2
366375 4 857 950 1 60 123 0 0 4 482 2823 2771 1 568 2 2
366427 4 857 958 1 60 124 0 0 4 482 2846 2794 1 568 2 2
366479 4 857 966 1 60 125 0 0 4 482 2869 2817 1 568 2 2
366531 4 857 974 1 61 126 0 0 4 482 2892 2840 1 568 2 2
366581 4 857 982 1 61 127 0 0 4 482 2914 2862 1 568 2 2
366633 4 857 990 1 62 128 0 0 4 482 2937 2885 1 568 2 2
366685 4 857 999 1 62 128 0 0 4 482 2960 2908 1 568 2 2
366737 4 857 1008 1 62 129 0 0 4 482 2983 2931 1 568 2 2
366787 4 857 1015 1 62 130 0 0 4 482 3005 2953 1 568 2 2
366839 4 857 1023 1 62 131 0 0 4 482 3028 2976 1 568 2 2
366891 4 857 1032 1 62 131 0 0 4 482 3051 2999 1 568 2 2
366943 4 857 1040 1 62 132 0 0 4 482 3074 3022 1 568 2 2
366995 4 857 1048 1 63 133 0 0 4 482 3097 3045 1 568 2 2
367045 4 857 1055 1 63 134 0 0 4 482 3119 3067 1 568 2 2
367097 4 857 1063 1 63 135 0 0 4 482 3142 3090 1 568 2 2
367149 4 857 1071 1 63 136 0 0 4 482 3165 3113 1 568 2 2
367201 4 857 1079 1 64 137 0 0 4 482 3188 3136 1 568 2 2
367253 4 857 1087 1 64 139 0 0 4 482 3211 3159 1 568 2 2
367305 4 857 1096 1 65 140 0 0 4 482 3234 3182 1 568 2 2
367355 4 857 1104 1 65 142 0 0 4 482 3256 3204 1 568 2 2
367407 4 857 1113 1 66 143 0 0 4 482 3279 3227 1 568 2 2
367459 4 857 1121 1 67 144 0 0 4 482 3302 3250 1 568 2 2
367511 4 857 1129 1 67 145 0 0 4 482 3325 3273 1 568 2 2
367563 4 857 1137 1 68 146 0 0 4 482 3348 3296 1 568 2 2
367615 4 857 1145 1 68 147 0 0 4 482 3371 3319 1 568 2 2
367667 4 857 1153 1 69 148 0 0 4 482 3394 3342 1 568 2 2
367719 4 857 1161 1 70 149 0 0 4 482 3417 3365 1 568 2 2
367771 4 857 1169 1 71 150 0 0 4 482 3440 3388 1 568 2 2
367821 4 857 1179 1 71 151 0 0 4 482 3462 3410 1 568 2 2
367871 4 857 1187 1 71 152 0 0 4 482 3484 3432 1 568 2 2
367921 4 857 1194 1 72 154 0 0 4 482 3506 3454 1 568 2 2
367973 4 857 1203 1 73 155 0 0 4 482 3529 3477 1 568 2 2
368025 4 857 1211 1 74 156 0 0 4 482 3552 3500 1 568 2 2
368077 4 857 1219 1 75 158 0 0 4 482 3575 3523 1 568 2 2
368129 4 857 1227 1 75 159 0 0 4 482 3598 3546 1 568 2 2
368179 4 857 1232 1 75 161 0 0 4 482 3620 3568 1 568 2 2
368231 4 857 1240 1 76 163 0 0 4 482 3643 3591 1 568 2 2
368283 4 857 1249 1 76 163 0 0 4 482 3666 3614 1 568 2 2
368335 4 857 1257 1 76 164 0 0 4 482 3689 3637 1 568 2 2
368387 4 857 1266 1 77 165 0 0 4 482 3712 3660 1 568 2 2
368439 4 857 1274 1 78 166 0 0 4 482 3735 3683 1 568 2 2
368489 4 857 1282 1 78 167 0 0 4 482 3757 3705 1 568 2 2
368541 4 857 1290 1 78 168 0 0 4 482 3780 3728 1 568 2 2
368593 4 857 1298 1 79 169 0 0 4 482 3803 3751 1 568 2 2
368645 4 857 1306 1 79 170 0 0 4 482 3826 3774 1 568 2 2
368697 4 857 1314 1 79 171 0 0 4 482 3849 3797 1 568 2 2
368749 4 857 1322 1 79 172 0 0 4 482 3872 3820 1 568 2 2
368801 4 857 1330 1 80 173 0 0 4 482 3895 3843 1 568 2 2
368851 4 857 1338 1 81 174 0 0 4 482 3917 3865 1 568 2 2
368903 4 857 1347 1 82 175 0 0 4 482 3940 3888 1 568 2 2
368955 4 857 1356 1 82 176 0 0 4 482 3963 3911 1 568 2 2
369007 4 857 1364 1 82 177 0 0 4 482 3986 3934 1 568 2 2
369059 4 857 1372 1 83 179 0 0 4 482 4009 3957 1 568 2 2
369111 4 857 1381 1 83 180 0 0 4 482 4032 3980 1 568 2 2
369163 4 857 1389 1 84 181 0 0 4 482 4055 4003 1 568 2 2
369215 4 857 1397 1 85 182 0 0 4 482 4078 4026 1 568 2 2
369267 4 857 1405 1 86 183 0 0 4 482 4101 4049 1 568 2 2
369317 4 857 1412 1 86 184 0 0 4 482 4123 4071 1 568 2 2
369369 4 857 1420 1 86 185 0 0 4 482 4146 4094 1 568 2 2
369421 4 857 1428 1 86 186 0 0 4 482 4169 4117 1 568 2 2
369471 4 857 1435 1 86 187 0 0 4 482 4191 4139 1 568 2 2
369523 4 857 1444 1 86 188 0 0 4 482 4214 4162 1 568 2 2
369575 4 857 1452 1 86 189 0 0 4 482 4237 4185 1 568 2 2
369627 4 857 1460 1 86 190 0 0 4 482 4260 4208 1 568 2 2
369679 4 857 1468 1 87 191 0 0 4 482 4283 4231 1 568 2 2
369731 4 857 1477 1 88 192 0 0 4 482 4306 4254 1 568 2 2
369783 4 857 1485 1 89 193 0 0 4 482 4329 4277 1 568 2 2
369833 4 857 1492 1 90 194 0 0 4 482 4351 4299 1 568 2 2
369885 4 857 1500 1 90 195 0 0 4 482 4374 4322 1 568 2 2
369937 4 857 1508 1 90 196 0 0 4 482 4397 4345 1 568 2 2
369989 4 857 1516 1 90 197 0 0 4 482 4420 4368 1 568 2 2
370039 4 857 1523 1 90 199 0 0 4 482 4442 4390 1 568 2 2
370091 4 857 1531 1 90 200 0 0 4 482 4465 4413 1 568 2 2
370143 4 857 1539 1 90 201 0 0 4 482 4488 4436 1 568 2 2
370195 4 857 1547 1 90 202 0 0 4 482 4511 4459 1 568 2 2
370245 4 857 1555 1 90 203 0 0 4 482 4533 4481 1 568 2 2
370297 4 857 1564 1 91 204 0 0 4 482 4556 4504 1 568 2 2
370349 4 857 1572 1 92 205 0 0 4 482 4579 4527 1 568 2 2
370399 4 857 1580 1 92 207 0 0 4 482 4601 4549 1 568 2 2
370451 4 857 1589 1 93 209 0 0 4 482 4624 4572 1 568 2 2
370503 4 857 1599 1 93 210 0 0 4 482 4647 4595 1 568 2 2
370555 4 857 1607 1 94 211 0 0 4 482 4670 4618 1 568 2 2
370605 4 857 1614 1 94 212 0 0 4 482 4692 4640 1 568 2 2
370657 4 857 1622 1 95 213 0 0 4 482 4715 4663 1 568 2 2
370709 4 857 1630 1 95 214 0 0 4 482 4738 4686 1 568 2 2
370759 4 857 1638 1 95 215 0 0 4 482 4760 4708 1 568 2 2
370811 4 857 1646 1 96 216 0 0 4 482 4783 4731 1 568 2 2
370863 4 857 1654 1 96 217 0 0 4 482 4806 4754 1 568 2 2
370915 4 857 1662 1 96 218 0 0 4 482 4829 4777 1 568 2 2
370967 4 857 1670 1 96 219 0 0 4 482 4852 4800 1 568 2 2
371017 4 857 1677 1 96 220 0 0 4 482 4874 4822 1 568 2 2
371069 4 857 1685 1 97 221 0 0 4 482 4897 4845 1 568 2 2
371121 4 857 1693 1 97 222 0 0 4 482 4920 4868 1 568 2 2
371173 4 857 1701 1 98 223 0 0 4 482 4943 4891 1 568 2 2
371225 4 857 1710 1 99 225 0 0 4 482 4966 4914 1 568 2 2
371275 4 857 1718 1 99 226 0 0 4 482 4988 4936 1 568 2 2
371327 4 857 1727 1 99 227 0 0 4 482 5011 4959 1 568 2 2
371379 4 857 1735 1 99 228 0 0 4 482 5034 4982 1 568 2 2
371431 4 857 1743 1 99 229 0 0 4 482 5057 5005 1 568 2 2
371483 4 857 1751 1 99 230 0 0 4 482 5080 5028 1 568 2 2
371535 4 857 1759 1 99 231 0 0 4 482 5103 5051 1 568 2 2
371587 4 857 1767 1 100 232 0 0 4 482 5126 5074 1 568 2 2
371639 4 857 1775 1 101 233 0 0 4 482 5149 5097 1 568 2 2
371689 4 857 1782 1 101 234 0 0 4 482 5171 5119 1 568 2 2
371741 4 857 1790 1 102 235 0 0 4 482 5194 5142 1 568 2 2
371793 4 857 1798 1 102 236 0 0 4 482 5217 5165 1 568 2 2
371845 4 857 1806 1 103 237 0 0 4 482 5240 5188 1 568 2 2
371897 4 857 1814 1 103 239 0 0 4 482 5263 5211 1 568 2 2
371949 4 857 1822 1 104 240 0 0 4 482 5286 5234 1 568 2 2
371999 4 857 1830 1 104 241 0 0 4 482 5308 5256 1 568 2 2
372051 4 857 1839 1 105 242 0 0 4 482 5331 5279 1 568 2 2
372103 4 857 1847 1 105 243 0 0 4 482 5354 5302 1 568 2 2
372155 4 857 1855 1 106 244 0 0 4 482 5377 5325 1 568 2 2
372207 4 857 1864 1 106 245 0 0 4 482 5400 5348 1 568 2 2
372259 4 857 1872 1 107 246 0 0 4 482 5423 5371 1 568 2 2
372309 4 857 1879 1 108 247 0 0 4 482 5445 5393 1 568 2 2
372361 4 857 1887 1 109 248 0 0 4 482 5468 5416 1 568 2 2
372411 4 857 1896 1 109 249 0 0 4 482 5490 5438 1 568 2 2
372463 4 857 1905 1 110 249 0 0 4 482 5513 5461 1 568 2 2
372515 4 857 1913 1 111 250 0 0 4 482 5536 5484 1 568 2 2
372567 4 857 1921 1 112 251 0 0 4 482 5559 5507 1 568 2 2
372619 4 857 1929 1 113 252 0 0 4 482 5582 5530 1 568 2 2
372671 4 857 1937 1 114 253 0 0 4 482 5605 5553 1 568 2 2
372721 4 857 1944 1 114 255 0 0 4 482 5627 5575 1 568 2 2
372771 4 857 1951 1 114 256 0 0 4 482 5649 5597 1 568 2 2
372823 4 857 1959 1 115 257 0 0 4 482 5672 5620 1 568 2 2
372873 4 857 1966 1 116 259 0 0 4 482 5694 5642 1 568 2 2
372925 4 857 1974 1 116 260 0 0 4 482 5717 5665 1 568 2 2
372977 4 857 1982 1 116 261 0 0 4 482 5740 5688 1 568 2 2
373029 4 857 1990 1 117 262 0 0 4 482 5763 5711 1 568 2 2
373081 4 857 1999 1 118 264 0 0 4 482 5786 5734 1 568 2 2
373133 4 857 2007 1 118 265 0 0 4 482 5809 5757 1 568 2 2
373185 4 857 2015 1 119 266 0 0 4 482 5832 5780 1 568 2 2
373237 4 857 2023 1 120 267 0 0 4 482 5855 5803 1 568 2 2
373287 4 857 2030 1 120 268 0 0 4 482 5877 5825 1 568 2 2
373339 4 857 2038 1 120 269 0 0 4 482 5900 5848 1 568 2 2
373391 4 857 2046 1 120 271 0 0 4 482 5923 5871 1 568 2 2
373443 4 857 2054 1 121 272 0 0 4 482 5946 5894 1 568 2 2
373495 4 857 2062 1 121 273 0 0 4 482 5969 5917 1 568 2 2
373547 4 857 2070 1 122 274 0 0 4 482 5992 5940 1 568 2 2
373597 4 857 2078 1 122 275 0 0 4 482 6014 5962 1 568 2 2
373649 4 857 2086 1 123 276 0 0 4 482 6037 5985 1 568 2 2
373701 4 857 2095 1 124 276 0 0 4 482 6060 6008 1 568 2 2
373751 4 857 2103 1 125 278 0 0 4 482 6082 6030 1 568 2 2
373803 4 857 2112 1 126 279 0 0 4 482 6105 6053 1 568 2 2
373855 4 857 2120 1 127 280 0 0 4 482 6128 6076 1 568 2 2
373907 4 857 2128 1 127 281 0 0 4 482 6151 6099 1 568 2 2
373959 4 857 2136 1 128 282 0 0 4 482 6174 6122 1 568 2 2
374011 4 857 2145 1 129 284 0 0 4 482 6197 6145 1 568 2 2
374063 4 857 2153 1 129 285 0 0 4 482 6220 6168 1 568 2 2
374115 4 857 2161 1 130 286 0 0 4 482 6243 6191 1 568 2 2
374165 4 857 2168 1 130 288 0 0 4 482 6265 6213 1 568 2 2
374217 4 857 2176 1 130 289 0 0 4 482 6288 6236 1 568 2 2
374269 4 857 2184 1 131 290 0 0 4 482 6311 6259 1 568 2 2
374321 4 857 2192 1 132 291 0 0 4 482 6334 6282 1 568 2 2
374373 4 857 2201 1 133 292 0 0 4 482 6357 6305 1 568 2 2
374423 4 857 2209 1 133 294 0 0 4 482 6379 6327 1 568 2 2
374475 4 857 2218 1 134 295 0 0 4 482 6402 6350 1 568 2 2
374527 4 857 2226 1 134 296 0 0 4 482 6425 6373 1 568 2 2
374579 4 857 2234 1 134 297 0 0 4 482 6448 6396 1 568 2 2
374631 4 857 2242 1 135 298 0 0 4 482 6471 6419 1 568 2 2
374683 4 857 2251 1 136 300 0 0 4 482 6494 6442 1 568 2 2
374735 4 857 2259 1 137 301 0 0 4 482 6517 6465 1 568 2 2
374785 4 857 2267 1 138 302 0 0 4 482 6539 6487 1 568 2 2
374835 4 857 2276 1 139 302 0 0 4 482 6561 6509 1 568 2 2
374887 4 857 2285 1 139 303 0 0 4 482 6584 6532 1 568 2 2
374939 4 857 2293 1 140 304 0 0 4 482 6607 6555 1 568 2 2
374991 4 857 2301 1 140 305 0 0 4 482 6630 6578 1 568 2 2
375043 4 857 2309 1 141 306 0 0 4 482 6653 6601 1 568 2 2
375095 4 857 2317 1 141 307 0 0 4 482 6676 6624 1 568 2 2
375147 4 857 2325 1 142 308 0 0 4 482 6699 6647 1 568 2 2
375199 4 857 2333 1 143 309 0 0 4 482 6722 6670 1 568 2 2
375251 4 857 2341 1 144 310 0 0 4 482 6745 6693 1 568 2 2
375301 4 857 2349 1 145 311 0 0 4 482 6767 6715 1 568 2 2
375353 4 857 2357 1 145 312 0 0 4 482 6790 6738 1 568 2 2
375405 4 857 2365 1 146 313 0 0 4 482 6813 6761 1 568 2 2
375457 4 857 2373 1 146 314 0 0 4 482 6836 6784 1 568 2 2
375509 4 857 2381 1 147 315 0 0 4 482 6859 6807 1 568 2 2
375561 4 857 2389 1 147 316 0 0 4 482 6882 6830 1 568 2 2
375613 4 857 2397 1 147 317 0 0 4 482 6905 6853 1 568 2 2
375663 4 857 2405 1 147 318 0 0 4 482 6927 6875 1 568 2 2
375715 4 857 2414 1 148 318 0 0 4 482 6950 6898 1 568 2 2
375767 4 857 2423 1 148 319 0 0 4 482 6973 6921 1 568 2 2
375819 4 857 2431 1 149 320 0 0 4 482 6996 6944 1 568 2 2
375869 4 857 2439 1 149 322 0 0 4 482 7018 6966 1 568 2 2
375919 4 857 2446 1 150 323 0 0 4 482 7040 6988 1 568 2 2
375971 4 857 2454 1 151 324 0 0 4 482 7063 7011 1 568 2 2
376023 4 857 2463 1 152 325 0 0 4 482 7086 7034 1 568 2 2
376075 4 857 2471 1 153 326 0 0 4 482 7109 7057 1 568 2 2
376127 4 857 2479 1 153 327 0 0 4 482 7132 7080 1 568 2 2
376179 4 857 2487 1 154 328 0 0 4 482 7155 7103 1 568 2 2
376229 4 857 2495 1 155 329 0 0 4 482 7177 7125 1 568 2 2
376281 4 857 2503 1 155 330 0 0 4 482 7200 7148 1 568 2 2
376333 4 857 2511 1 155 331 0 0 4 482 7223 7171 1 568 2 2
376385 4 857 2521 1 155 333 0 0 4 482 7246 7194 1 568 2 2
376435 4 857 2530 1 155 333 0 0 4 482 7268 7216 1 568 2 2
376485 4 857 2537 1 156 334 0 0 4 482 7290 7238 1 568 2 2
376537 4 857 2547 1 157 334 0 0 4 482 7313 7261 1 568 2 2
376587 4 857 2554 1 157 335 0 0 4 482 7335 7283 1 568 2 2
376637 4 857 2564 1 158 335 0 0 4 482 7357 7305 1 568 2 2
376687 4 858 2575 1 159 336 0 0 5 483 7381 7328 1 568 2 2
376738 4 859 2593 1 160 338 0 0 6 484 7426 7372 1 568 2 2
376788 4 859 2602 1 160 338 0 0 6 484 7449 7395 1 568 2 2
376839 4 867 2613 1 164 340 0 0 8 488 7479 7423 1 568 2 2
376890 4 867 2628 1 167 343 0 0 8 488 7518 7462 1 568 2 2
376942 4 867 2637 1 168 344 0 0 8 488 7541 7485 1 568 2 2
376992 4 869 2659 1 171 345 0 0 10 490 7584 7526 1 568 2 2
377042 4 869 2670 1 172 347 0 0 10 490 7608 7550 1 568 2 2
377092 4 880 2683 1 174 349 0 0 12 492 7637 7577 1 568 2 2
377142 4 1099 2703 1 175 352 0 0 13 493 7679 7608 1 568 2 2
377192 4 4688 2719 7 188 352 7 1 15 2599 7699 7620 3 4157 10 6
377243 4 4688 2735 7 188 353 7 1 15 2599 7735 7656 3 4157 10 6
377293 4 4688 2744 7 188 354 7 1 15 2599 7757 7678 3 4157 10 6
377343 4 4688 2751 7 188 355 7 1 15 2599 7779 7700 3 4157 10 6
377395 4 4688 2759 7 188 356 7 1 15 2599 7802 7723 3 4157 10 6
377447 4 4688 2767 7 188 357 7 1 15 2599 7825 7746 3 4157 10 6
377499 4 4688 2775 7 188 358 7 1 15 2599 7848 7769 3 4157 10 6
377551 4 4688 2783 7 189 359 7 1 15 2599 7871 7792 3 4157 10 6
377603 4 4688 2791 7 190 360 7 1 15 2599 7894 7815 3 4157 10 6
377653 4 4688 2798 7 191 361 7 1 15 2599 7916 7837 3 4157 10 6
377705 4 4688 2806 7 192 362 7 1 15 2599 7939 7860 3 4157 10 6
377757 4 4688 2814 7 192 363 7 1 15 2599 7962 7883 3 4157 10 6
377809 4 4688 2822 7 193 364 7 1 15 2599 7985 7906 3 4157 10 6
377861 4 4688 2831 7 194 365 7 1 15 2599 8008 7929 3 4157 10 6
377911 4 4688 2837 7 196 367 7 1 15 2599 8030 7951 3 4157 10 6
377961 4 4688 2845 7 196 368 7 1 15 2599 8052 7973 3 4157 10 6
378013 4 4688 2854 7 197 369 7 1 15 2599 8075 7996 3 4157 10 6
378065 4 4688 2862 7 198 371 7 1 15 2599 8098 8019 3 4157 10 6
378117 4 4688 2870 7 199 372 7 1 15 2599 8121 8042 3 4157 10 6
378169 4 4688 2878 7 199 373 7 1 15 2599 8144 8065 3 4157 10 6
378219 4 4690 2893 7 203 376 7 1 17 2601 8184 8103 3 4157 10 6
378269 4 4690 2905 7 205 377 7 1 17 2601 8208 8127 3 4157 10 6
378319 4 4701 2924 7 206 379 8 1 18 2602 8239 8157 3 4157 10 6
378370 4 5765 2946 8 210 380 13 1 20 2784 8287 8198 4 5002 15 11
378421 4 5765 2956 8 210 381 13 1 20 2784 8316 8227 4 5002 15 11
378473 4 5765 2964 8 211 382 13 1 20 2784 8339 8250 4 5002 15 11
378523 4 5765 2972 8 211 383 13 1 20 2784 8361 8272 4 5002 15 11
378575 4 5765 2981 8 212 384 13 1 20 2784 8384 8295 4 5002 15 11
378627 4 5765 2989 8 212 385 13 1 20 2784 8407 8318 4 5002 15 11
378679 4 5765 2997 8 212 386 13 1 20 2784 8430 8341 4 5002 15 11
378729 4 5765 3006 8 212 387 13 1 20 2784 8452 8363 4 5002 15 11
378779 4 5765 3012 8 213 389 13 1 20 2784 8474 8385 4 5002 15 11
