# cols t where got pump parse flush keys nscroll tscroll nflush ncells reads e1e bursts bbytes bcs breads
# snapshots=66 every=50cs drain=1024 rmax=64 fastmv=-1
876087 4 0 1 0 0 0 0 0 1 1 1 1 0 0 0 0
876138 4 349 27 0 2 1 0 0 2 37 52 46 1 349 6 7
876189 4 349 37 0 3 1 0 0 2 37 77 71 1 349 6 7
876239 4 349 45 0 3 2 0 0 2 37 99 93 1 349 6 7
876289 4 349 53 0 3 3 0 0 2 37 121 115 1 349 6 7
876339 4 349 61 0 3 5 0 0 2 37 143 137 1 349 6 7
876389 4 349 70 0 3 6 0 0 2 37 165 159 1 349 6 7
876439 4 349 78 0 5 7 0 0 2 37 187 181 1 349 6 7
876489 4 350 85 0 6 8 0 0 3 38 209 202 1 349 6 7
876539 4 351 102 1 8 10 0 0 4 39 254 246 1 349 6 7
876593 4 962 120 1 13 12 0 0 7 268 293 274 3 949 15 19
876643 4 1562 146 3 17 14 0 0 9 653 345 316 5 1549 24 31
876694 4 1862 171 4 18 16 0 0 10 840 391 357 6 1849 29 37
876744 4 2548 196 5 20 17 0 0 11 1047 433 388 7 2535 39 49
876795 4 2548 207 5 21 18 0 0 11 1047 461 416 7 2535 39 49
876847 4 2548 215 5 21 19 0 0 11 1047 484 439 7 2535 39 49
876897 4 2548 223 5 21 20 0 0 11 1047 506 461 7 2535 39 49
876947 4 2548 230 5 21 21 0 0 11 1047 528 483 7 2535 39 49
876997 4 2548 237 5 21 22 0 0 11 1047 550 505 7 2535 39 49
877049 4 2548 245 5 21 23 0 0 11 1047 573 528 7 2535 39 49
877099 4 2548 255 5 21 24 0 0 11 1047 595 550 7 2535 39 49
877149 4 2550 269 5 23 32 0 0 13 1049 633 586 7 2535 39 49
877200 4 2561 280 5 24 34 0 0 14 1050 664 616 7 2535 39 49
877250 4 3151 302 5 26 37 0 0 16 1067 715 657 9 3125 47 61
877300 4 3151 311 5 28 39 0 0 16 1067 740 682 9 3125 47 61
877351 4 3153 333 6 31 41 0 0 18 1069 784 724 9 3125 47 61
877401 4 3155 344 6 33 42 0 0 19 1070 810 749 9 3125 47 61
877462 4 4243 392 6 37 43 0 0 20 1648 843 765 10 4213 88 78
877549 4 6972 465 20 48 43 18 7 24 3130 899 777 14 6942 156 125
877599 4 6972 476 20 50 45 18 7 24 3130 938 816 14 6942 156 125
877649 4 6972 484 20 51 47 18 7 24 3130 960 838 14 6942 156 125
877699 4 6972 491 20 51 48 18 7 24 3130 982 860 14 6942 156 125
877751 4 6972 499 20 51 49 18 7 24 3130 1005 883 14 6942 156 125
877801 4 6972 507 20 52 50 18 7 24 3130 1027 905 14 6942 156 125
877851 4 6972 514 20 53 51 18 7 24 3130 1049 927 14 6942 156 125
877903 4 6972 523 20 53 52 18 7 24 3130 1072 950 14 6942 156 125
877954 4 6973 535 20 55 53 18 7 25 3131 1105 982 14 6942 156 125
878006 4 6975 554 20 57 55 18 7 27 3133 1147 1022 14 6942 156 125
878056 4 6976 571 20 58 58 18 7 28 3134 1191 1065 14 6942 156 125
878106 4 6977 582 20 60 61 18 7 29 3135 1227 1100 14 6942 156 125
878156 4 6978 599 20 61 66 18 7 30 3136 1270 1142 14 6942 156 125
878206 4 6979 616 20 63 70 18 7 31 3137 1312 1183 14 6942 156 125
878257 4 6980 631 20 65 72 18 7 32 3138 1352 1222 14 6942 156 125
878307 4 6981 642 20 67 74 18 7 33 3139 1388 1257 14 6942 156 125
878357 4 6983 663 20 70 75 18 7 35 3141 1430 1297 14 6942 156 125
878408 4 6983 678 20 71 75 18 7 35 3141 1466 1333 14 6942 156 125
878458 4 6983 686 20 71 77 18 7 35 3141 1488 1355 14 6942 156 125
878508 4 6983 694 20 71 78 18 7 35 3141 1510 1377 14 6942 156 125
878561 4 7294 710 20 73 80 20 7 37 3239 1544 1405 15 7242 160 131
878619 4 9094 751 31 84 81 72 16 40 5144 1591 1422 18 9042 195 164
878669 4 9094 767 31 85 83 72 16 40 5144 1630 1461 18 9042 195 164
878768 4 10462 830 41 92 85 123 24 42 6445 1673 1482 20 10410 251 187
878819 4 11490 859 48 96 87 142 28 43 7047 1718 1510 21 11438 268 204
878870 4 11490 871 48 96 89 142 28 43 7047 1743 1535 21 11438 268 204
878920 4 11490 879 48 97 90 142 28 43 7047 1765 1557 21 11438 268 204
878970 4 11490 888 48 97 91 142 28 43 7047 1787 1579 21 11438 268 204
879020 4 11490 897 48 97 91 142 28 43 7047 1809 1601 21 11438 268 204
879070 4 11490 905 48 97 92 142 28 43 7047 1831 1623 21 11438 268 204
879120 4 11490 914 48 97 92 142 28 43 7047 1853 1645 21 11438 268 204
879170 4 11490 921 48 98 93 142 28 43 7047 1875 1667 21 11438 268 204
879220 4 11490 929 48 99 94 142 28 43 7047 1897 1689 21 11438 268 204
879270 4 11490 936 48 99 95 142 28 43 7047 1919 1711 21 11438 268 204
879320 4 11490 945 48 99 96 142 28 43 7047 1941 1733 21 11438 268 204
879370 4 11490 953 48 100 98 142 28 43 7047 1963 1755 21 11438 268 204
879420 4 11490 962 48 100 99 142 28 43 7047 1985 1777 21 11438 268 204
879472 4 11490 970 48 101 100 142 28 43 7047 2008 1800 21 11438 268 204
