# cols t where got pump parse flush keys nscroll tscroll nflush ncells reads e1e bursts bbytes bcs breads
# snapshots=600 every=50cs drain=1024 rmax=64 fastmv=-1
175682 4 0 1 0 1 0 0 0 1 1 186 145 0 0 0 0
175732 4 857 26 1 8 2 0 0 4 482 231 178 1 568 3 2
175782 4 857 40 1 9 2 0 0 4 482 259 206 1 568 3 2
175832 4 857 48 1 10 3 0 0 4 482 281 228 1 568 3 2
175882 4 857 56 1 10 4 0 0 4 482 303 250 1 568 3 2
175932 4 857 64 1 11 5 0 0 4 482 325 272 1 568 3 2
175982 4 857 71 1 12 6 0 0 4 482 347 294 1 568 3 2
176032 4 859 86 1 14 8 0 0 6 484 375 320 1 568 3 2
176083 4 859 106 1 15 9 0 0 6 484 413 358 1 568 3 2
176133 4 870 115 1 17 11 0 0 7 485 435 379 1 568 3 2
176183 4 1089 130 1 18 14 0 0 8 486 480 412 1 568 3 2
176233 4 4678 148 6 30 15 6 2 10 2592 503 427 3 4157 12 6
176284 4 4678 161 6 30 16 6 2 10 2592 537 461 3 4157 12 6
176336 4 4678 168 6 30 17 6 2 10 2592 560 484 3 4157 12 6
176388 4 4678 177 6 30 18 6 2 10 2592 583 507 3 4157 12 6
176440 4 4678 186 6 30 20 6 2 10 2592 606 530 3 4157 12 6
176490 4 4678 193 6 30 21 6 2 10 2592 628 552 3 4157 12 6
176542 4 4678 201 6 30 22 6 2 10 2592 651 575 3 4157 12 6
176594 4 4678 210 6 30 24 6 2 10 2592 674 598 3 4157 12 6
176646 4 4678 218 6 31 25 6 2 10 2592 697 621 3 4157 12 6
176698 4 4678 226 6 31 26 6 2 10 2592 720 644 3 4157 12 6
176748 4 4678 233 6 32 27 6 2 10 2592 742 666 3 4157 12 6
176800 4 4678 241 6 33 27 6 2 10 2592 765 689 3 4157 12 6
176852 4 4678 249 6 33 28 6 2 10 2592 788 712 3 4157 12 6
176904 4 4678 257 6 33 29 6 2 10 2592 811 735 3 4157 12 6
176956 4 4678 265 6 33 30 6 2 10 2592 834 758 3 4157 12 6
177006 4 4678 272 6 34 31 6 2 10 2592 856 780 3 4157 12 6
177058 4 4678 280 6 34 32 6 2 10 2592 879 803 3 4157 12 6
177110 4 4678 289 6 34 34 6 2 10 2592 902 826 3 4157 12 6
177162 4 4678 297 6 35 35 6 2 10 2592 925 849 3 4157 12 6
177214 4 4678 305 6 35 36 6 2 10 2592 948 872 3 4157 12 6
177264 4 4678 312 6 36 38 6 2 10 2592 970 894 3 4157 12 6
177316 4 4678 321 6 36 39 6 2 10 2592 993 917 3 4157 12 6
177368 4 4678 330 6 36 40 6 2 10 2592 1016 940 3 4157 12 6
177420 4 4678 338 6 36 41 6 2 10 2592 1039 963 3 4157 12 6
177472 4 4678 346 6 36 42 6 2 10 2592 1062 986 3 4157 12 6
177522 4 4678 353 6 37 43 6 2 10 2592 1084 1008 3 4157 12 6
177574 4 4678 361 6 38 44 6 2 10 2592 1107 1031 3 4157 12 6
177626 4 4678 370 6 38 45 6 2 10 2592 1130 1054 3 4157 12 6
177678 4 4678 379 6 39 47 6 2 10 2592 1153 1077 3 4157 12 6
177730 4 4678 387 6 39 48 6 2 10 2592 1176 1100 3 4157 12 6
177780 4 4678 394 6 40 50 6 2 10 2592 1198 1122 3 4157 12 6
177832 4 4678 402 6 40 51 6 2 10 2592 1221 1145 3 4157 12 6
177884 4 4678 410 6 40 52 6 2 10 2592 1244 1168 3 4157 12 6
177934 4 4678 417 6 41 53 6 2 10 2592 1266 1190 3 4157 12 6
177986 4 4678 425 6 41 54 6 2 10 2592 1289 1213 3 4157 12 6
178038 4 4678 434 6 42 56 6 2 10 2592 1312 1236 3 4157 12 6
178090 4 4678 442 6 42 57 6 2 10 2592 1335 1259 3 4157 12 6
178140 4 4678 449 6 42 59 6 2 10 2592 1357 1281 3 4157 12 6
178192 4 4678 457 6 43 59 6 2 10 2592 1380 1304 3 4157 12 6
178244 4 4678 465 6 43 60 6 2 10 2592 1403 1327 3 4157 12 6
178296 4 4678 473 6 44 61 6 2 10 2592 1426 1350 3 4157 12 6
178346 4 4678 480 6 44 62 6 2 10 2592 1448 1372 3 4157 12 6
178396 4 4678 490 6 44 63 6 2 10 2592 1470 1394 3 4157 12 6
178446 4 4678 498 6 44 64 6 2 10 2592 1492 1416 3 4157 12 6
178498 4 4678 507 6 45 65 6 2 10 2592 1515 1439 3 4157 12 6
178550 4 4678 515 6 45 66 6 2 10 2592 1538 1462 3 4157 12 6
178602 4 4678 523 6 45 67 6 2 10 2592 1561 1485 3 4157 12 6
178652 4 4678 530 6 45 68 6 2 10 2592 1583 1507 3 4157 12 6
178704 4 4678 539 6 46 70 6 2 10 2592 1606 1530 3 4157 12 6
178756 4 4678 547 6 47 71 6 2 10 2592 1629 1553 3 4157 12 6
178808 4 4678 556 6 47 72 6 2 10 2592 1652 1576 3 4157 12 6
178860 4 4678 564 6 48 73 6 2 10 2592 1675 1599 3 4157 12 6
178910 4 4678 570 6 49 75 6 2 10 2592 1697 1621 3 4157 12 6
178962 4 4678 579 6 50 76 6 2 10 2592 1720 1644 3 4157 12 6
179014 4 4678 587 6 50 77 6 2 10 2592 1743 1667 3 4157 12 6
179064 4 4678 594 6 51 79 6 2 10 2592 1765 1689 3 4157 12 6
179116 4 4678 602 6 51 80 6 2 10 2592 1788 1712 3 4157 12 6
179166 4 4678 612 6 52 80 6 2 10 2592 1810 1734 3 4157 12 6
179216 4 4678 619 6 53 81 6 2 10 2592 1832 1756 3 4157 12 6
179268 4 4678 627 6 54 82 6 2 10 2592 1855 1779 3 4157 12 6
179320 4 4678 636 6 54 83 6 2 10 2592 1878 1802 3 4157 12 6
179372 4 4678 644 6 55 84 6 2 10 2592 1901 1825 3 4157 12 6
179422 4 4678 651 6 55 85 6 2 10 2592 1923 1847 3 4157 12 6
179474 4 4678 659 6 56 86 6 2 10 2592 1946 1870 3 4157 12 6
179526 4 4678 668 6 57 87 6 2 10 2592 1969 1893 3 4157 12 6
179578 4 4678 676 6 58 88 6 2 10 2592 1992 1916 3 4157 12 6
179630 4 4678 684 6 58 89 6 2 10 2592 2015 1939 3 4157 12 6
179680 4 4678 691 6 58 90 6 2 10 2592 2037 1961 3 4157 12 6
179732 4 4678 699 6 58 91 6 2 10 2592 2060 1984 3 4157 12 6
179784 4 4678 707 6 59 92 6 2 10 2592 2083 2007 3 4157 12 6
179836 4 4678 716 6 59 93 6 2 10 2592 2106 2030 3 4157 12 6
179887 4 4679 732 6 60 97 6 2 11 2593 2144 2067 3 4157 12 6
179937 4 4680 743 6 61 98 6 2 12 2594 2183 2105 3 4157 12 6
179987 4 4682 760 6 63 101 6 2 14 2596 2218 2138 3 4157 12 6
180039 4 4684 774 7 64 104 7 3 15 2597 2246 2165 3 4157 12 6
180092 4 6110 799 10 75 106 7 3 19 5517 2284 2187 6 5574 22 14
180142 4 11902 825 19 90 106 7 3 24 7579 2309 2192 11 11366 35 22
180192 4 16143 851 26 100 107 7 3 26 9036 2345 2217 13 15607 44 27
180242 4 16464 872 32 105 108 8 9 28 10026 2381 2248 13 15607 44 27
180292 4 16464 887 32 105 108 8 9 28 10026 2411 2278 13 15607 44 27
180342 4 18801 899 35 112 109 8 9 30 10808 2434 2291 15 17944 48 30
180392 4 19303 922 40 115 109 10 14 32 11006 2472 2324 16 18246 50 33
180442 4 19942 941 44 117 111 10 14 33 11185 2517 2364 17 18885 54 38
180492 4 21189 962 47 122 112 10 14 36 11583 2552 2388 19 20099 64 48
180542 4 21447 980 48 124 114 12 15 38 11598 2590 2422 19 20099 64 48
180594 4 21447 992 48 124 116 12 15 38 11598 2625 2457 19 20099 64 48
180644 4 24248 1013 50 134 117 12 15 42 12507 2657 2476 23 22900 76 60
180694 4 24430 1037 55 136 119 14 20 44 12640 2696 2512 23 22900 76 60
180745 4 24430 1055 55 137 119 14 20 44 12640 2734 2550 23 22900 76 60
180795 4 25874 1071 56 142 120 14 20 46 13081 2769 2577 25 24344 83 67
180845 4 25925 1088 61 143 121 15 25 47 13322 2795 2602 25 24344 83 67
180896 4 26140 1103 61 144 123 15 25 48 13349 2836 2641 25 24344 83 67
180946 4 28126 1122 64 151 124 15 25 51 13995 2873 2668 28 26330 91 76
181002 4 28276 1139 69 154 126 17 30 52 14132 2904 2697 28 26330 91 76
181052 4 28686 1152 70 157 129 17 30 53 14267 2946 2737 29 26740 92 78
181102 4 30059 1170 71 161 130 17 30 55 14717 2976 2757 31 28113 102 88
181153 4 30580 1193 73 164 130 18 31 57 14941 3020 2795 32 28525 106 93
181204 4 30753 1212 74 167 134 18 31 58 14956 3067 2840 32 28525 106 93
181254 4 32737 1230 76 176 137 18 31 61 15536 3100 2858 35 30509 119 108
181314 4 33786 1251 76 182 138 19 31 62 15792 3140 2892 36 31558 126 114
181365 4 35107 1276 81 187 138 19 31 64 16213 3184 2923 37 32625 135 124
181417 4 35107 1288 81 187 140 19 31 64 16213 3208 2947 37 32625 135 124
181466 4 35230 1298 82 205 142 19 31 66 20822 3233 2969 37 32625 135 124
181517 4 35519 1306 82 208 145 19 31 67 20838 3266 3000 38 32914 137 127
181567 4 35519 1325 82 208 145 19 31 67 20838 3305 3039 38 32914 137 127
181618 4 35519 1333 82 209 146 19 31 67 20838 3328 3062 38 32914 137 127
181668 4 35519 1342 82 210 147 19 31 67 20838 3350 3084 38 32914 137 127
181718 4 35519 1350 82 211 148 19 31 67 20838 3372 3106 38 32914 137 127
181768 4 35519 1358 82 211 150 19 31 67 20838 3394 3128 38 32914 137 127
181818 4 35519 1365 82 212 151 19 31 67 20838 3416 3150 38 32914 137 127
181870 4 35519 1373 82 212 152 19 31 67 20838 3439 3173 38 32914 137 127
181922 4 35519 1382 82 213 153 19 31 67 20838 3462 3196 38 32914 137 127
181972 4 35519 1389 82 213 155 19 31 67 20838 3484 3218 38 32914 137 127
182024 4 35519 1397 82 213 156 19 31 67 20838 3507 3241 38 32914 137 127
182076 4 35519 1405 82 214 157 19 31 67 20838 3530 3264 38 32914 137 127
182128 4 35519 1413 82 214 158 19 31 67 20838 3553 3287 38 32914 137 127
182178 4 35519 1420 82 214 159 19 31 67 20838 3575 3309 38 32914 137 127
182230 4 35519 1429 82 215 160 19 31 67 20838 3598 3332 38 32914 137 127
182282 4 35519 1437 82 215 161 19 31 67 20838 3621 3355 38 32914 137 127
182332 4 35519 1445 82 215 162 19 31 67 20838 3643 3377 38 32914 137 127
182384 4 35519 1454 82 216 164 19 31 67 20838 3666 3400 38 32914 137 127
182434 4 35519 1461 82 216 165 19 31 67 20838 3688 3422 38 32914 137 127
182486 4 35519 1469 82 217 166 19 31 67 20838 3711 3445 38 32914 137 127
182538 4 35519 1477 82 218 167 19 31 67 20838 3734 3468 38 32914 137 127
182590 4 35519 1485 82 218 168 19 31 67 20838 3757 3491 38 32914 137 127
182642 4 35519 1493 82 219 169 19 31 67 20838 3780 3514 38 32914 137 127
182694 4 35519 1501 82 219 170 19 31 67 20838 3803 3537 38 32914 137 127
182744 4 35519 1508 82 220 171 19 31 67 20838 3825 3559 38 32914 137 127
182796 4 35519 1517 82 221 172 19 31 67 20838 3848 3582 38 32914 137 127
182848 4 35519 1525 82 222 173 19 31 67 20838 3871 3605 38 32914 137 127
182900 4 35519 1534 82 223 173 19 31 67 20838 3894 3628 38 32914 137 127
182950 4 35519 1542 82 224 174 19 31 67 20838 3916 3650 38 32914 137 127
183002 4 35519 1551 82 225 175 19 31 67 20838 3939 3673 38 32914 137 127
183052 4 35519 1558 82 225 176 19 31 67 20838 3961 3695 38 32914 137 127
183104 4 35519 1566 82 225 177 19 31 67 20838 3984 3718 38 32914 137 127
183156 4 35519 1574 82 225 178 19 31 67 20838 4007 3741 38 32914 137 127
183208 4 35519 1583 82 225 179 19 31 67 20838 4030 3764 38 32914 137 127
183260 4 35519 1592 82 226 180 19 31 67 20838 4053 3787 38 32914 137 127
183310 4 35519 1599 82 226 181 19 31 67 20838 4075 3809 38 32914 137 127
183362 4 35519 1608 82 227 183 19 31 67 20838 4098 3832 38 32914 137 127
183414 4 35519 1616 82 227 184 19 31 67 20838 4121 3855 38 32914 137 127
183466 4 35519 1625 82 227 185 19 31 67 20838 4144 3878 38 32914 137 127
183518 4 35519 1634 82 227 187 19 31 67 20838 4167 3901 38 32914 137 127
183568 4 35519 1641 82 227 188 19 31 67 20838 4189 3923 38 32914 137 127
183618 4 35521 1655 82 230 190 19 31 69 20840 4227 3959 38 32914 137 127
183668 4 35522 1676 82 231 193 19 31 70 20841 4274 4005 38 32914 137 127
183718 4 35523 1689 82 232 195 19 31 71 20842 4300 4030 38 32914 137 127
183768 4 35523 1706 82 233 196 19 31 71 20842 4339 4069 38 32914 137 127
183818 4 35523 1714 82 233 197 19 31 71 20842 4361 4091 38 32914 137 127
183869 4 35524 1729 82 234 199 19 31 72 20843 4398 4127 38 32914 137 127
183920 4 35524 1738 82 234 200 19 31 72 20843 4423 4152 38 32914 137 127
183970 4 35525 1749 82 235 202 19 31 73 20844 4456 4184 38 32914 137 127
184020 4 35525 1756 82 235 206 19 31 73 20844 4484 4212 38 32914 137 127
184071 4 35529 1772 82 236 208 19 31 74 20847 4521 4248 38 32914 137 127
184122 4 35529 1783 82 236 208 19 31 74 20847 4546 4273 38 32914 137 127
184172 4 35529 1792 82 236 209 19 31 74 20847 4568 4295 38 32914 137 127
184222 4 35529 1800 82 237 210 19 31 74 20847 4590 4317 38 32914 137 127
184272 4 35530 1811 82 238 213 19 31 75 20848 4626 4352 38 32914 137 127
184322 4 35531 1823 82 239 215 19 31 76 20849 4656 4381 38 32914 137 127
184372 4 35532 1837 82 240 218 19 31 77 20850 4692 4416 38 32914 137 127
184422 4 35532 1853 82 240 220 19 31 77 20850 4729 4453 38 32914 137 127
184472 4 35532 1862 82 241 222 19 31 77 20850 4751 4475 38 32914 137 127
184522 4 35532 1869 82 241 223 19 31 77 20850 4773 4497 38 32914 137 127
184572 4 35532 1876 82 241 224 19 31 77 20850 4795 4519 38 32914 137 127
184624 4 35532 1885 82 242 226 19 31 77 20850 4818 4542 38 32914 137 127
184676 4 35532 1893 82 242 227 19 31 77 20850 4841 4565 38 32914 137 127
184728 4 35532 1902 82 242 228 19 31 77 20850 4864 4588 38 32914 137 127
184778 4 35533 1915 82 244 231 19 31 78 20851 4900 4623 38 32914 137 127
184828 4 35534 1931 82 246 232 19 31 79 20852 4939 4661 38 32914 137 127
184878 4 35535 1945 82 247 232 19 31 80 20853 4972 4693 38 32914 137 127
184929 4 35535 1957 82 248 233 19 31 80 20853 5003 4724 38 32914 137 127
184979 4 35535 1966 82 249 234 19 31 80 20853 5025 4746 38 32914 137 127
185031 4 35539 1973 82 250 236 19 31 81 20855 5048 4768 38 32914 137 127
185082 4 35539 1994 82 251 237 19 31 81 20855 5087 4807 38 32914 137 127
185134 4 35540 2004 82 252 238 19 31 82 20856 5110 4829 38 32914 137 127
185184 4 35540 2017 82 252 240 19 31 82 20856 5149 4868 38 32914 137 127
185236 4 35540 2025 82 252 241 19 31 82 20856 5172 4891 38 32914 137 127
185288 4 35540 2034 82 252 242 19 31 82 20856 5195 4914 38 32914 137 127
185339 4 35541 2045 82 253 245 19 31 83 20857 5231 4949 38 32914 137 127
185390 4 35541 2051 82 254 248 19 31 83 20857 5257 4975 38 32914 137 127
185440 4 35542 2057 82 255 250 19 31 84 20858 5285 5002 38 32914 137 127
185491 4 35542 2070 82 256 253 19 31 84 20858 5318 5035 38 32914 137 127
185543 4 35542 2079 82 257 254 19 31 84 20858 5341 5058 38 32914 137 127
185595 4 35542 2088 82 258 255 19 31 84 20858 5364 5081 38 32914 137 127
185647 4 35542 2097 82 258 257 19 31 84 20858 5387 5104 38 32914 137 127
185697 4 35542 2104 82 258 258 19 31 84 20858 5409 5126 38 32914 137 127
185749 4 35542 2112 82 258 259 19 31 84 20858 5432 5149 38 32914 137 127
185801 4 35542 2120 82 258 261 19 31 84 20858 5455 5172 38 32914 137 127
185853 4 35542 2128 82 258 262 19 31 84 20858 5478 5195 38 32914 137 127
185905 4 35542 2137 82 259 263 19 31 84 20858 5501 5218 38 32914 137 127
185955 4 35542 2144 82 259 264 19 31 84 20858 5523 5240 38 32914 137 127
186007 4 35542 2153 82 259 265 19 31 84 20858 5546 5263 38 32914 137 127
186057 4 36178 2178 82 263 265 21 31 88 20898 5583 5293 39 33293 139 130
186108 4 36178 2199 82 263 266 21 31 88 20898 5622 5332 39 33293 139 130
186159 4 36178 2207 82 264 266 21 31 88 20898 5645 5355 39 33293 139 130
186209 4 36178 2215 82 264 267 21 31 88 20898 5667 5377 39 33293 139 130
186259 4 36178 2224 82 264 269 21 31 88 20898 5689 5399 39 33293 139 130
186309 4 36178 2231 82 265 270 21 31 88 20898 5711 5421 39 33293 139 130
186361 4 36178 2240 82 266 271 21 31 88 20898 5734 5444 39 33293 139 130
186411 4 36178 2247 82 266 272 21 31 88 20898 5756 5466 39 33293 139 130
186463 4 36178 2255 82 266 273 21 31 88 20898 5779 5489 39 33293 139 130
186515 4 36178 2264 82 267 274 21 31 88 20898 5802 5512 39 33293 139 130
186567 4 36178 2273 82 268 276 21 31 88 20898 5825 5535 39 33293 139 130
186619 4 36178 2282 82 269 277 21 31 88 20898 5848 5558 39 33293 139 130
186669 4 36178 2289 82 269 278 21 31 88 20898 5870 5580 39 33293 139 130
186719 4 36178 2296 82 269 280 21 31 88 20898 5892 5602 39 33293 139 130
186771 4 36178 2304 82 270 281 21 31 88 20898 5915 5625 39 33293 139 130
186823 4 36178 2313 82 271 282 21 31 88 20898 5938 5648 39 33293 139 130
186875 4 36178 2322 82 272 283 21 31 88 20898 5961 5671 39 33293 139 130
186925 4 36178 2330 82 272 284 21 31 88 20898 5983 5693 39 33293 139 130
186977 4 36178 2338 82 273 285 21 31 88 20898 6006 5716 39 33293 139 130
187029 4 36178 2347 82 273 286 21 31 88 20898 6029 5739 39 33293 139 130
187081 4 36178 2355 82 274 287 21 31 88 20898 6052 5762 39 33293 139 130
187131 4 36179 2363 82 276 289 21 31 89 20899 6074 5783 39 33293 139 130
187181 4 36180 2379 82 278 291 21 31 90 20900 6121 5829 39 33293 139 130
187231 4 36181 2393 82 279 293 21 31 91 20901 6161 5868 39 33293 139 130
187281 4 36182 2412 82 280 294 21 31 92 20902 6199 5905 39 33293 139 130
187334 4 36188 2431 82 283 297 21 31 94 20907 6239 5943 39 33293 139 130
187384 4 36188 2448 82 283 298 21 31 94 20907 6278 5982 39 33293 139 130
187436 4 36188 2457 82 283 299 21 31 94 20907 6301 6005 39 33293 139 130
187486 4 36189 2469 82 285 302 21 31 95 20908 6336 6039 39 33293 139 130
187536 4 36190 2482 82 286 304 21 31 96 20909 6372 6074 39 33293 139 130
187586 4 36201 2492 83 287 306 22 32 97 20910 6405 6106 39 33293 139 130
187636 4 36943 2519 86 292 309 34 34 100 21255 6447 6136 40 33657 143 132
187690 4 40159 2549 104 304 310 99 47 102 23300 6469 6145 42 36873 162 134
187757 4 45579 2591 132 321 311 202 63 104 26504 6487 6145 44 42293 192 136
187807 4 47668 2616 141 329 313 235 69 106 27756 6519 6168 46 44382 203 139
187857 4 47668 2631 141 330 315 235 69 106 27756 6554 6203 46 44382 203 139
187907 4 47668 2639 141 330 316 235 69 106 27756 6576 6225 46 44382 203 139
187957 4 47668 2647 141 331 317 235 69 106 27756 6598 6247 46 44382 203 139
188007 4 47668 2654 141 331 318 235 69 106 27756 6620 6269 46 44382 203 139
188059 4 47668 2663 141 332 319 235 69 106 27756 6643 6292 46 44382 203 139
188111 4 47668 2671 141 332 320 235 69 106 27756 6666 6315 46 44382 203 139
188163 4 47668 2680 141 333 321 235 69 106 27756 6689 6338 46 44382 203 139
188213 4 47668 2687 141 333 323 235 69 106 27756 6711 6360 46 44382 203 139
188265 4 47668 2695 141 334 325 235 69 106 27756 6734 6383 46 44382 203 139
188317 4 47668 2703 141 334 326 235 69 106 27756 6757 6406 46 44382 203 139
188369 4 47668 2712 141 335 327 235 69 106 27756 6780 6429 46 44382 203 139
188421 4 47668 2720 141 336 328 235 69 106 27756 6803 6452 46 44382 203 139
188471 4 47668 2727 141 337 329 235 69 106 27756 6825 6474 46 44382 203 139
188523 4 47668 2735 141 337 330 235 69 106 27756 6848 6497 46 44382 203 139
188575 4 47668 2744 141 338 332 235 69 106 27756 6871 6520 46 44382 203 139
188625 4 47668 2751 141 338 333 235 69 106 27756 6893 6542 46 44382 203 139
188677 4 47668 2759 141 338 334 235 69 106 27756 6916 6565 46 44382 203 139
188729 4 47668 2767 141 338 335 235 69 106 27756 6939 6588 46 44382 203 139
188781 4 47668 2775 141 339 336 235 69 106 27756 6962 6611 46 44382 203 139
188833 4 47668 2784 141 340 337 235 69 106 27756 6985 6634 46 44382 203 139
188883 4 47680 2792 141 341 339 235 69 107 27767 7007 6655 46 44382 203 139
188933 4 47680 2803 141 345 340 235 69 107 27767 7046 6694 46 44382 203 139
188983 4 47680 2811 141 346 341 235 69 107 27767 7068 6716 46 44382 203 139
189033 4 47680 2818 141 346 342 235 69 107 27767 7090 6738 46 44382 203 139
189085 4 47680 2826 141 347 343 235 69 107 27767 7113 6761 46 44382 203 139
189135 4 47681 2842 141 348 345 235 69 108 27768 7149 6796 46 44382 203 139
189185 4 47681 2852 141 349 345 235 69 108 27768 7174 6821 46 44382 203 139
189237 4 47681 2860 141 349 346 235 69 108 27768 7197 6844 46 44382 203 139
189287 4 47682 2878 141 350 347 235 69 109 27769 7226 6872 46 44382 203 139
189338 4 47682 2892 141 350 348 235 69 109 27769 7258 6904 46 44382 203 139
189388 4 47682 2899 141 350 349 235 69 109 27769 7280 6926 46 44382 203 139
189440 4 47682 2908 141 350 350 235 69 109 27769 7303 6949 46 44382 203 139
189490 4 47684 2932 141 355 350 235 69 111 27771 7350 6994 46 44382 203 139
189540 4 47686 2955 141 357 355 235 69 113 27773 7395 7037 46 44382 203 139
189595 4 48350 2980 145 361 360 247 72 116 28122 7439 7073 47 44816 210 145
189645 4 49122 3007 150 366 364 263 75 118 28722 7486 7110 49 45588 222 157
189696 4 49496 3031 152 369 365 271 77 119 29014 7531 7150 50 45962 228 163
189746 4 50529 3051 157 373 366 291 81 120 29811 7557 7166 51 46995 242 173
189797 4 51049 3077 158 376 366 299 81 121 30208 7603 7206 52 47515 250 180
189848 4 51049 3089 158 377 368 299 81 121 30208 7628 7231 52 47515 250 180
189898 4 51049 3097 158 377 370 299 81 121 30208 7650 7253 52 47515 250 180
189950 4 51049 3105 158 377 371 299 81 121 30208 7673 7276 52 47515 250 180
190002 4 51049 3113 158 377 372 299 81 121 30208 7696 7299 52 47515 250 180
190052 4 51049 3120 158 377 373 299 81 121 30208 7718 7321 52 47515 250 180
190104 4 51049 3128 158 377 374 299 81 121 30208 7741 7344 52 47515 250 180
190156 4 51049 3136 158 377 375 299 81 121 30208 7764 7367 52 47515 250 180
190208 4 51049 3145 158 378 376 299 81 121 30208 7787 7390 52 47515 250 180
190260 4 51049 3154 158 379 377 299 81 121 30208 7810 7413 52 47515 250 180
190312 4 51049 3162 158 379 378 299 81 121 30208 7833 7436 52 47515 250 180
190362 4 51049 3169 158 379 379 299 81 121 30208 7855 7458 52 47515 250 180
190414 4 51049 3179 158 379 379 299 81 121 30208 7878 7481 52 47515 250 180
190466 4 51049 3187 158 379 380 299 81 121 30208 7901 7504 52 47515 250 180
190516 4 51049 3195 158 379 381 299 81 121 30208 7923 7526 52 47515 250 180
190568 4 51049 3204 158 380 383 299 81 121 30208 7946 7549 52 47515 250 180
190620 4 51049 3212 158 380 384 299 81 121 30208 7969 7572 52 47515 250 180
190672 4 51049 3220 158 380 385 299 81 121 30208 7992 7595 52 47515 250 180
190724 4 51049 3229 158 381 386 299 81 121 30208 8015 7618 52 47515 250 180
190774 4 51049 3236 158 381 387 299 81 121 30208 8037 7640 52 47515 250 180
190824 4 51049 3245 158 381 388 299 81 121 30208 8059 7662 52 47515 250 180
190876 4 51049 3253 158 381 389 299 81 121 30208 8082 7685 52 47515 250 180
190928 4 51049 3262 158 382 390 299 81 121 30208 8105 7708 52 47515 250 180
190978 4 51049 3270 158 383 391 299 81 121 30208 8127 7730 52 47515 250 180
191030 4 51049 3279 158 383 392 299 81 121 30208 8150 7753 52 47515 250 180
191082 4 51049 3288 158 383 394 299 81 121 30208 8173 7776 52 47515 250 180
191134 4 51049 3296 158 383 395 299 81 121 30208 8196 7799 52 47515 250 180
191184 4 51049 3303 158 384 396 299 81 121 30208 8218 7821 52 47515 250 180
191236 4 51049 3311 158 385 397 299 81 121 30208 8241 7844 52 47515 250 180
191288 4 51049 3319 158 385 398 299 81 121 30208 8264 7867 52 47515 250 180
191340 4 51049 3328 158 386 399 299 81 121 30208 8287 7890 52 47515 250 180
191390 4 51049 3335 158 386 400 299 81 121 30208 8309 7912 52 47515 250 180
191442 4 51049 3344 158 387 401 299 81 121 30208 8332 7935 52 47515 250 180
191494 4 51049 3352 158 387 402 299 81 121 30208 8355 7958 52 47515 250 180
191546 4 51049 3361 158 388 403 299 81 121 30208 8378 7981 52 47515 250 180
191598 4 51049 3370 158 388 405 299 81 121 30208 8401 8004 52 47515 250 180
191648 4 51049 3377 158 388 406 299 81 121 30208 8423 8026 52 47515 250 180
191700 4 51049 3385 158 388 407 299 81 121 30208 8446 8049 52 47515 250 180
191752 4 51049 3394 158 388 408 299 81 121 30208 8469 8072 52 47515 250 180
191804 4 51049 3403 158 389 409 299 81 121 30208 8492 8095 52 47515 250 180
191856 4 51049 3411 158 389 410 299 81 121 30208 8515 8118 52 47515 250 180
191906 4 51049 3418 158 390 411 299 81 121 30208 8537 8140 52 47515 250 180
191958 4 51049 3426 158 391 412 299 81 121 30208 8560 8163 52 47515 250 180
192010 4 51049 3435 158 391 413 299 81 121 30208 8583 8186 52 47515 250 180
192062 4 51049 3444 158 392 414 299 81 121 30208 8606 8209 52 47515 250 180
192114 4 51049 3452 158 392 415 299 81 121 30208 8629 8232 52 47515 250 180
192164 4 51049 3459 158 393 416 299 81 121 30208 8651 8254 52 47515 250 180
192216 4 51049 3468 158 394 417 299 81 121 30208 8674 8277 52 47515 250 180
192268 4 51049 3477 158 395 419 299 81 121 30208 8697 8300 52 47515 250 180
192320 4 51049 3485 158 396 420 299 81 121 30208 8720 8323 52 47515 250 180
192370 4 51049 3492 158 396 421 299 81 121 30208 8742 8345 52 47515 250 180
192422 4 51049 3500 158 397 422 299 81 121 30208 8765 8368 52 47515 250 180
192474 4 51049 3508 158 398 423 299 81 121 30208 8788 8391 52 47515 250 180
192526 4 51049 3516 158 398 424 299 81 121 30208 8811 8414 52 47515 250 180
192578 4 51049 3525 158 398 425 299 81 121 30208 8834 8437 52 47515 250 180
192630 4 51049 3533 158 398 426 299 81 121 30208 8857 8460 52 47515 250 180
192680 4 51049 3540 158 399 427 299 81 121 30208 8879 8482 52 47515 250 180
192732 4 51049 3549 158 400 427 299 81 121 30208 8902 8505 52 47515 250 180
192784 4 51049 3558 158 401 428 299 81 121 30208 8925 8528 52 47515 250 180
192836 4 51049 3566 158 401 429 299 81 121 30208 8948 8551 52 47515 250 180
192888 4 51049 3574 158 401 430 299 81 121 30208 8971 8574 52 47515 250 180
192938 4 51049 3582 158 402 430 299 81 121 30208 8993 8596 52 47515 250 180
192990 4 51049 3590 158 402 431 299 81 121 30208 9016 8619 52 47515 250 180
193040 4 51049 3597 158 403 432 299 81 121 30208 9038 8641 52 47515 250 180
193092 4 51049 3605 158 403 433 299 81 121 30208 9061 8664 52 47515 250 180
193144 4 51049 3613 158 404 434 299 81 121 30208 9084 8687 52 47515 250 180
193196 4 51049 3621 158 405 435 299 81 121 30208 9107 8710 52 47515 250 180
193246 4 51049 3629 158 405 437 299 81 121 30208 9129 8732 52 47515 250 180
193296 4 51184 3648 158 410 438 301 81 123 30319 9175 8776 52 47515 250 180
193361 4 52230 3674 165 415 438 319 87 124 31142 9209 8799 53 48561 265 191
193411 4 54665 3710 177 426 439 362 94 127 33033 9242 8804 55 50772 295 215
193461 4 57532 3744 191 438 439 411 102 130 35024 9275 8810 58 53639 329 243
193511 4 57532 3757 191 439 439 411 102 130 35024 9311 8846 58 53639 329 243
193561 4 57532 3765 191 440 440 411 102 130 35024 9333 8868 58 53639 329 243
193611 4 57532 3773 191 441 441 411 102 130 35024 9355 8890 58 53639 329 243
193661 4 57532 3780 191 441 442 411 102 130 35024 9377 8912 58 53639 329 243
193711 4 57550 3797 191 442 445 411 102 131 35040 9415 8949 58 53639 329 243
193761 4 57550 3810 191 443 445 411 102 131 35040 9438 8972 58 53639 329 243
193811 4 57550 3817 191 443 447 411 102 131 35040 9460 8994 58 53639 329 243
193861 4 57559 3828 191 446 452 411 102 132 35046 9495 9028 58 53639 329 243
193911 4 57567 3838 191 448 456 411 102 133 35053 9532 9064 58 53639 329 243
193963 4 57567 3847 191 448 456 411 102 133 35053 9561 9093 58 53639 329 243
194015 4 57567 3855 191 448 457 411 102 133 35053 9584 9116 58 53639 329 243
194065 4 57567 3864 191 448 458 411 102 133 35053 9606 9138 58 53639 329 243
194115 4 57570 3881 191 452 461 411 102 136 35056 9651 9180 58 53639 329 243
194165 4 57573 3906 191 457 466 411 102 139 35059 9700 9226 58 53639 329 243
194216 4 57574 3921 191 460 468 411 102 140 35060 9745 9270 58 53639 329 243
194267 4 57574 3927 191 461 469 411 102 140 35060 9769 9294 58 53639 329 243
194317 4 57577 3941 191 462 473 411 102 141 35061 9802 9326 58 53639 329 243
194369 4 57582 3949 191 463 474 411 102 142 35068 9831 9354 58 53639 329 243
194420 4 57582 3968 191 465 475 411 102 142 35068 9870 9393 58 53639 329 243
194470 4 57587 3985 191 466 480 411 102 143 35075 9908 9430 58 53639 329 243
194527 4 59521 4009 198 475 483 431 106 146 36631 9942 9456 59 55343 336 244
194581 4 61412 4040 202 484 485 439 108 152 37315 9989 9476 62 56848 353 264
194631 4 61412 4058 202 484 486 439 108 152 37315 10028 9515 62 56848 353 264
194683 4 61412 4067 202 485 486 439 108 152 37315 10051 9538 62 56848 353 264
194735 4 61412 4076 202 485 486 439 108 152 37315 10074 9561 62 56848 353 264
194787 4 61412 4085 202 486 488 439 108 152 37315 10097 9584 62 56848 353 264
194839 4 61412 4093 202 486 489 439 108 152 37315 10120 9607 62 56848 353 264
194889 4 61412 4101 202 487 490 439 108 152 37315 10142 9629 62 56848 353 264
194941 4 61412 4110 202 488 491 439 108 152 37315 10165 9652 62 56848 353 264
194993 4 61412 4119 202 488 493 439 108 152 37315 10188 9675 62 56848 353 264
195045 4 61412 4127 202 489 494 439 108 152 37315 10211 9698 62 56848 353 264
195096 4 61430 4141 202 490 498 439 108 153 37331 10249 9735 62 56848 353 264
195147 4 61430 4147 202 490 500 439 108 153 37331 10273 9759 62 56848 353 264
195197 4 61430 4154 202 490 501 439 108 153 37331 10295 9781 62 56848 353 264
195247 4 61442 4170 202 493 507 439 108 156 37337 10341 9824 62 56848 353 264
195297 4 61450 4193 203 497 509 439 108 158 37341 10390 9871 62 56848 353 264
195348 4 61450 4207 203 498 510 439 108 158 37341 10418 9899 62 56848 353 264
195398 4 61450 4214 203 498 511 439 108 158 37341 10440 9921 62 56848 353 264
195448 4 61451 4223 203 499 513 439 108 159 37342 10462 9942 62 56848 353 264
195498 4 61451 4236 203 500 516 439 108 159 37342 10501 9981 62 56848 353 264
195548 4 61451 4245 203 500 518 439 108 159 37342 10523 10003 62 56848 353 264
195599 4 61455 4265 203 502 519 439 108 160 37344 10562 10041 62 56848 353 264
195650 4 61455 4275 203 503 520 439 108 160 37344 10585 10064 62 56848 353 264
195700 4 61455 4282 203 503 521 439 108 160 37344 10607 10086 62 56848 353 264
195751 4 61456 4296 203 504 523 439 108 161 37345 10643 10121 62 56848 353 264
195801 4 61457 4314 203 507 525 439 108 162 37346 10682 10159 62 56848 353 264
195851 4 61459 4336 203 509 527 439 108 164 37348 10729 10204 62 56848 353 264
195902 4 61459 4349 203 509 529 439 108 164 37348 10757 10232 62 56848 353 264
195952 4 61460 4361 203 510 532 439 108 165 37349 10794 10268 62 56848 353 264
196004 4 61460 4368 203 510 533 439 108 165 37349 10819 10293 62 56848 353 264
196054 4 61461 4383 203 512 536 439 108 166 37350 10850 10323 62 56848 353 264
196104 4 61461 4396 203 512 537 439 108 166 37350 10880 10353 62 56848 353 264
196154 4 61461 4404 203 513 538 439 108 166 37350 10902 10375 62 56848 353 264
196204 4 61461 4411 203 513 539 439 108 166 37350 10924 10397 62 56848 353 264
196254 4 61463 4430 203 515 544 439 108 168 37352 10967 10438 62 56848 353 264
196304 4 61465 4451 203 517 548 439 108 170 37354 11014 10483 62 56848 353 264
196354 4 61467 4467 204 522 551 439 108 172 37356 11059 10526 62 56848 353 264
196404 4 61467 4475 204 522 552 439 108 172 37356 11084 10551 62 56848 353 264
196456 4 61467 4483 204 523 553 439 108 172 37356 11107 10574 62 56848 353 264
196508 4 61467 4491 204 523 554 439 108 172 37356 11130 10597 62 56848 353 264
196558 4 61467 4498 204 524 555 439 108 172 37356 11152 10619 62 56848 353 264
196608 4 61697 4517 205 528 557 440 109 175 37359 11194 10654 62 56848 353 264
196667 4 65079 4545 215 537 557 462 113 177 39484 11224 10669 64 60230 370 273
196717 4 66065 4570 216 541 558 467 114 179 39692 11271 10708 66 61216 379 283
196768 4 66065 4581 216 541 560 467 114 179 39692 11296 10733 66 61216 379 283
196820 4 66065 4590 216 542 561 467 114 179 39692 11319 10756 66 61216 379 283
196870 4 66065 4597 216 542 562 467 114 179 39692 11341 10778 66 61216 379 283
196920 4 66065 4605 216 542 563 467 114 179 39692 11363 10800 66 61216 379 283
196972 4 66065 4614 216 543 565 467 114 179 39692 11386 10823 66 61216 379 283
197024 4 66065 4622 216 543 566 467 114 179 39692 11409 10846 66 61216 379 283
197076 4 66065 4631 216 544 568 467 114 179 39692 11432 10869 66 61216 379 283
197126 4 66065 4638 216 544 569 467 114 179 39692 11454 10891 66 61216 379 283
197178 4 66065 4647 216 544 570 467 114 179 39692 11477 10914 66 61216 379 283
197230 4 66065 4656 216 545 572 467 114 179 39692 11500 10937 66 61216 379 283
197282 4 66065 4664 216 546 573 467 114 179 39692 11523 10960 66 61216 379 283
197334 4 66065 4672 216 546 574 467 114 179 39692 11546 10983 66 61216 379 283
197384 4 66065 4679 216 546 575 467 114 179 39692 11568 11005 66 61216 379 283
197436 4 66065 4688 216 547 575 467 114 179 39692 11591 11028 66 61216 379 283
197486 4 66065 4695 216 547 576 467 114 179 39692 11613 11050 66 61216 379 283
197538 4 66065 4704 216 548 577 467 114 179 39692 11636 11073 66 61216 379 283
197590 4 66065 4712 216 548 578 467 114 179 39692 11659 11096 66 61216 379 283
197640 4 66090 4722 216 549 580 467 114 180 39715 11689 11125 66 61216 379 283
197690 4 66090 4739 216 549 581 467 114 180 39715 11720 11156 66 61216 379 283
197742 4 66090 4747 216 550 583 467 114 180 39715 11743 11179 66 61216 379 283
197794 4 66090 4755 216 550 584 467 114 180 39715 11766 11202 66 61216 379 283
197846 4 66090 4764 216 550 585 467 114 180 39715 11789 11225 66 61216 379 283
197896 4 66090 4771 216 551 586 467 114 180 39715 11811 11247 66 61216 379 283
197946 4 66106 4795 216 557 590 467 114 184 39723 11855 11287 66 61216 379 283
197996 4 66118 4819 216 560 595 467 114 187 39729 11905 11334 66 61216 379 283
198046 4 66130 4843 216 564 600 467 114 190 39735 11954 11380 66 61216 379 283
198096 4 66138 4859 216 568 604 467 114 192 39739 11998 11422 66 61216 379 283
198147 4 66138 4872 216 568 606 467 114 192 39739 12034 11458 66 61216 379 283
198197 4 66138 4881 216 568 607 467 114 192 39739 12056 11480 66 61216 379 283
198248 4 66139 4897 216 569 610 467 114 193 39740 12092 11515 66 61216 379 283
198299 4 66140 4916 216 570 613 467 114 194 39741 12129 11551 66 61216 379 283
198348 4 66142 4932 217 575 615 467 114 196 39743 12173 11593 66 61216 379 283
198398 4 66142 4948 217 576 615 467 114 196 39743 12206 11626 66 61216 379 283
198448 4 66144 4958 218 577 617 468 114 197 39744 12229 11648 66 61216 379 283
198498 4 67558 4985 223 586 619 486 119 201 41475 12270 11678 68 62402 389 291
198548 4 68887 5010 225 592 620 495 120 203 41929 12316 11715 70 63731 401 302
198599 4 68887 5016 225 593 621 495 120 203 41929 12342 11741 70 63731 401 302
198651 4 68887 5025 225 594 622 495 120 203 41929 12365 11764 70 63731 401 302
198703 4 68887 5034 225 594 623 495 120 203 41929 12388 11787 70 63731 401 302
198753 4 68887 5041 225 594 624 495 120 203 41929 12410 11809 70 63731 401 302
198805 4 68887 5049 225 595 625 495 120 203 41929 12433 11832 70 63731 401 302
198857 4 68887 5057 225 595 626 495 120 203 41929 12456 11855 70 63731 401 302
198909 4 68887 5066 225 596 627 495 120 203 41929 12479 11878 70 63731 401 302
198959 4 68887 5073 225 596 629 495 120 203 41929 12501 11900 70 63731 401 302
199011 4 68887 5081 225 596 630 495 120 203 41929 12524 11923 70 63731 401 302
199063 4 68887 5090 225 597 631 495 120 203 41929 12547 11946 70 63731 401 302
199115 4 68887 5100 225 597 633 495 120 203 41929 12570 11969 70 63731 401 302
199165 4 68887 5106 225 598 635 495 120 203 41929 12592 11991 70 63731 401 302
199217 4 68887 5114 225 598 636 495 120 203 41929 12615 12014 70 63731 401 302
199269 4 68887 5122 225 598 637 495 120 203 41929 12638 12037 70 63731 401 302
199319 4 68887 5129 225 598 639 495 120 203 41929 12660 12059 70 63731 401 302
199371 4 68887 5137 225 598 640 495 120 203 41929 12683 12082 70 63731 401 302
199423 4 68887 5146 225 599 640 495 120 203 41929 12706 12105 70 63731 401 302
199473 4 68887 5153 225 599 641 495 120 203 41929 12728 12127 70 63731 401 302
199525 4 68887 5161 225 599 642 495 120 203 41929 12751 12150 70 63731 401 302
199577 4 68887 5170 225 600 643 495 120 203 41929 12774 12173 70 63731 401 302
199629 4 68887 5178 225 601 644 495 120 203 41929 12797 12196 70 63731 401 302
199679 4 68887 5186 225 601 644 495 120 203 41929 12819 12218 70 63731 401 302
199731 4 68887 5195 225 602 646 495 120 203 41929 12842 12241 70 63731 401 302
199781 4 68887 5203 225 602 647 495 120 203 41929 12864 12263 70 63731 401 302
199831 4 68887 5210 225 602 649 495 120 203 41929 12886 12285 70 63731 401 302
199883 4 68887 5218 225 602 650 495 120 203 41929 12909 12308 70 63731 401 302
199935 4 68887 5226 225 603 651 495 120 203 41929 12932 12331 70 63731 401 302
199987 4 68887 5234 225 603 652 495 120 203 41929 12955 12354 70 63731 401 302
200037 4 68887 5241 225 604 653 495 120 203 41929 12977 12376 70 63731 401 302
200089 4 68887 5250 225 604 654 495 120 203 41929 13000 12399 70 63731 401 302
200141 4 68887 5258 225 604 655 495 120 203 41929 13023 12422 70 63731 401 302
200193 4 68887 5266 225 605 656 495 120 203 41929 13046 12445 70 63731 401 302
200245 4 68887 5274 225 605 657 495 120 203 41929 13069 12468 70 63731 401 302
200297 4 68887 5282 225 605 658 495 120 203 41929 13092 12491 70 63731 401 302
200347 4 68887 5289 225 605 659 495 120 203 41929 13114 12513 70 63731 401 302
200399 4 68887 5298 225 606 660 495 120 203 41929 13137 12536 70 63731 401 302
200451 4 68887 5307 225 606 661 495 120 203 41929 13160 12559 70 63731 401 302
200503 4 68887 5316 225 607 663 495 120 203 41929 13183 12582 70 63731 401 302
200553 4 68887 5323 225 607 664 495 120 203 41929 13205 12604 70 63731 401 302
200605 4 68887 5331 225 608 665 495 120 203 41929 13228 12627 70 63731 401 302
200657 4 68887 5341 225 608 665 495 120 203 41929 13251 12650 70 63731 401 302
200709 4 68887 5350 225 609 665 495 120 203 41929 13274 12673 70 63731 401 302
200759 4 68887 5357 225 609 667 495 120 203 41929 13296 12695 70 63731 401 302
200811 4 68887 5365 225 610 668 495 120 203 41929 13319 12718 70 63731 401 302
200863 4 68887 5374 225 610 669 495 120 203 41929 13342 12741 70 63731 401 302
200913 4 68887 5383 225 610 670 495 120 203 41929 13364 12763 70 63731 401 302
200965 4 68887 5391 225 610 671 495 120 203 41929 13387 12786 70 63731 401 302
201017 4 68887 5400 225 611 672 495 120 203 41929 13410 12809 70 63731 401 302
201067 4 68887 5407 225 611 673 495 120 203 41929 13432 12831 70 63731 401 302
201119 4 68887 5415 225 611 674 495 120 203 41929 13455 12854 70 63731 401 302
201171 4 68887 5424 225 612 676 495 120 203 41929 13478 12877 70 63731 401 302
201223 4 68887 5432 225 612 677 495 120 203 41929 13501 12900 70 63731 401 302
201275 4 68887 5440 225 612 678 495 120 203 41929 13524 12923 70 63731 401 302
201325 4 68887 5447 225 612 679 495 120 203 41929 13546 12945 70 63731 401 302
201377 4 68887 5455 225 613 680 495 120 203 41929 13569 12968 70 63731 401 302
201429 4 68887 5464 225 614 681 495 120 203 41929 13592 12991 70 63731 401 302
201481 4 68887 5472 225 615 682 495 120 203 41929 13615 13014 70 63731 401 302
201533 4 68887 5481 225 615 683 495 120 203 41929 13638 13037 70 63731 401 302
201585 4 68887 5489 225 615 684 495 120 203 41929 13661 13060 70 63731 401 302
201635 4 68887 5496 225 615 685 495 120 203 41929 13683 13082 70 63731 401 302
201687 4 68887 5504 225 615 686 495 120 203 41929 13706 13105 70 63731 401 302
201739 4 68887 5513 225 615 687 495 120 203 41929 13729 13128 70 63731 401 302
201791 4 68887 5521 225 616 689 495 120 203 41929 13752 13151 70 63731 401 302
201843 4 68887 5530 225 617 690 495 120 203 41929 13775 13174 70 63731 401 302
201895 4 68887 5538 225 617 691 495 120 203 41929 13798 13197 70 63731 401 302
201945 4 68887 5546 225 617 692 495 120 203 41929 13820 13219 70 63731 401 302
201997 4 68887 5556 225 617 692 495 120 203 41929 13843 13242 70 63731 401 302
202049 4 68887 5564 225 618 693 495 120 203 41929 13866 13265 70 63731 401 302
202099 4 68887 5571 225 619 694 495 120 203 41929 13888 13287 70 63731 401 302
202151 4 68887 5579 225 620 695 495 120 203 41929 13911 13310 70 63731 401 302
202203 4 68887 5587 225 620 696 495 120 203 41929 13934 13333 70 63731 401 302
202253 4 68887 5594 225 620 697 495 120 203 41929 13956 13355 70 63731 401 302
202305 4 68887 5602 225 620 698 495 120 203 41929 13979 13378 70 63731 401 302
202357 4 68887 5610 225 620 699 495 120 203 41929 14002 13401 70 63731 401 302
202409 4 68887 5618 225 621 700 495 120 203 41929 14025 13424 70 63731 401 302
202461 4 68887 5627 225 621 701 495 120 203 41929 14048 13447 70 63731 401 302
202513 4 68887 5635 225 621 702 495 120 203 41929 14071 13470 70 63731 401 302
202563 4 68887 5642 225 621 703 495 120 203 41929 14093 13492 70 63731 401 302
202615 4 68887 5650 225 622 704 495 120 203 41929 14116 13515 70 63731 401 302
202667 4 68887 5659 225 623 705 495 120 203 41929 14139 13538 70 63731 401 302
202719 4 68887 5668 225 623 707 495 120 203 41929 14162 13561 70 63731 401 302
202769 4 68887 5675 225 623 708 495 120 203 41929 14184 13583 70 63731 401 302
202821 4 68887 5683 225 623 709 495 120 203 41929 14207 13606 70 63731 401 302
202873 4 68887 5692 225 623 710 495 120 203 41929 14230 13629 70 63731 401 302
202925 4 68887 5701 225 623 711 495 120 203 41929 14253 13652 70 63731 401 302
202977 4 68887 5709 225 623 712 495 120 203 41929 14276 13675 70 63731 401 302
203027 4 68887 5716 225 623 713 495 120 203 41929 14298 13697 70 63731 401 302
203079 4 68887 5724 225 624 714 495 120 203 41929 14321 13720 70 63731 401 302
203131 4 68887 5732 225 624 715 495 120 203 41929 14344 13743 70 63731 401 302
203183 4 68887 5740 225 624 716 495 120 203 41929 14367 13766 70 63731 401 302
203233 4 68887 5747 225 624 717 495 120 203 41929 14389 13788 70 63731 401 302
203285 4 68887 5755 225 624 718 495 120 203 41929 14412 13811 70 63731 401 302
203337 4 68887 5764 225 625 719 495 120 203 41929 14435 13834 70 63731 401 302
203387 4 68887 5772 225 625 720 495 120 203 41929 14457 13856 70 63731 401 302
203439 4 68887 5780 225 625 721 495 120 203 41929 14480 13879 70 63731 401 302
203491 4 68887 5789 225 626 722 495 120 203 41929 14503 13902 70 63731 401 302
203543 4 68887 5798 225 627 724 495 120 203 41929 14526 13925 70 63731 401 302
203595 4 68887 5807 225 628 724 495 120 203 41929 14549 13948 70 63731 401 302
203647 4 68887 5815 225 628 725 495 120 203 41929 14572 13971 70 63731 401 302
203697 4 68887 5822 225 628 726 495 120 203 41929 14594 13993 70 63731 401 302
203749 4 68887 5831 225 629 727 495 120 203 41929 14617 14016 70 63731 401 302
203801 4 68887 5840 225 630 728 495 120 203 41929 14640 14039 70 63731 401 302
203853 4 68887 5849 225 631 729 495 120 203 41929 14663 14062 70 63731 401 302
203903 4 68887 5856 225 631 731 495 120 203 41929 14685 14084 70 63731 401 302
203955 4 68887 5865 225 631 732 495 120 203 41929 14708 14107 70 63731 401 302
204005 4 68887 5872 225 631 734 495 120 203 41929 14730 14129 70 63731 401 302
204057 4 68887 5880 225 632 735 495 120 203 41929 14753 14152 70 63731 401 302
204109 4 68887 5888 225 632 736 495 120 203 41929 14776 14175 70 63731 401 302
204161 4 68887 5896 225 633 737 495 120 203 41929 14799 14198 70 63731 401 302
204211 4 68887 5903 225 634 738 495 120 203 41929 14821 14220 70 63731 401 302
204263 4 68887 5911 225 634 739 495 120 203 41929 14844 14243 70 63731 401 302
204313 4 68887 5918 225 634 740 495 120 203 41929 14866 14265 70 63731 401 302
204365 4 68887 5927 225 635 741 495 120 203 41929 14889 14288 70 63731 401 302
204417 4 68887 5936 225 636 743 495 120 203 41929 14912 14311 70 63731 401 302
204469 4 68887 5944 225 636 744 495 120 203 41929 14935 14334 70 63731 401 302
204521 4 68887 5953 225 636 745 495 120 203 41929 14958 14357 70 63731 401 302
204571 4 68887 5960 225 637 746 495 120 203 41929 14980 14379 70 63731 401 302
204623 4 68887 5968 225 637 747 495 120 203 41929 15003 14402 70 63731 401 302
204675 4 68887 5976 225 638 748 495 120 203 41929 15026 14425 70 63731 401 302
204727 4 68887 5984 225 638 749 495 120 203 41929 15049 14448 70 63731 401 302
204779 4 68887 5992 225 638 750 495 120 203 41929 15072 14471 70 63731 401 302
204829 4 68887 5999 225 638 751 495 120 203 41929 15094 14493 70 63731 401 302
204881 4 68887 6007 225 639 752 495 120 203 41929 15117 14516 70 63731 401 302
204933 4 68887 6015 225 639 753 495 120 203 41929 15140 14539 70 63731 401 302
204985 4 68887 6024 225 639 754 495 120 203 41929 15163 14562 70 63731 401 302
205035 4 68887 6031 225 639 755 495 120 203 41929 15185 14584 70 63731 401 302
205087 4 68887 6040 225 639 756 495 120 203 41929 15208 14607 70 63731 401 302
205139 4 68887 6048 225 639 757 495 120 203 41929 15231 14630 70 63731 401 302
205191 4 68887 6056 225 639 758 495 120 203 41929 15254 14653 70 63731 401 302
205243 4 68887 6065 225 640 759 495 120 203 41929 15277 14676 70 63731 401 302
205295 4 68887 6074 225 641 760 495 120 203 41929 15300 14699 70 63731 401 302
205345 4 68887 6081 225 641 761 495 120 203 41929 15322 14721 70 63731 401 302
205397 4 68887 6091 225 641 761 495 120 203 41929 15345 14744 70 63731 401 302
205449 4 68887 6099 225 641 762 495 120 203 41929 15368 14767 70 63731 401 302
205499 4 68887 6106 225 641 763 495 120 203 41929 15390 14789 70 63731 401 302
205551 4 68887 6114 225 642 764 495 120 203 41929 15413 14812 70 63731 401 302
205603 4 68887 6123 225 642 765 495 120 203 41929 15436 14835 70 63731 401 302
205655 4 68887 6131 225 642 766 495 120 203 41929 15459 14858 70 63731 401 302
205705 4 68887 6138 225 642 767 495 120 203 41929 15481 14880 70 63731 401 302
205757 4 68887 6146 225 643 768 495 120 203 41929 15504 14903 70 63731 401 302
205809 4 68887 6154 225 643 769 495 120 203 41929 15527 14926 70 63731 401 302
205861 4 68887 6163 225 643 770 495 120 203 41929 15550 14949 70 63731 401 302
205911 4 68887 6169 225 644 771 495 120 203 41929 15572 14971 70 63731 401 302
205963 4 68887 6177 225 644 772 495 120 203 41929 15595 14994 70 63731 401 302
206015 4 68887 6185 225 644 773 495 120 203 41929 15618 15017 70 63731 401 302
206065 4 68887 6193 225 644 774 495 120 203 41929 15640 15039 70 63731 401 302
206115 4 68887 6200 225 644 775 495 120 203 41929 15662 15061 70 63731 401 302
206167 4 68887 6208 225 646 776 495 120 203 41929 15685 15084 70 63731 401 302
206217 4 68887 6218 225 646 776 495 120 203 41929 15707 15106 70 63731 401 302
206269 4 68887 6227 225 646 777 495 120 203 41929 15730 15129 70 63731 401 302
206321 4 68887 6235 225 646 779 495 120 203 41929 15753 15152 70 63731 401 302
206373 4 68887 6243 225 647 780 495 120 203 41929 15776 15175 70 63731 401 302
